Year	Month	Day	Hour	Min	Sec	s1	s2	s3
2001	10	1	0	0	0	0	0	0
2001	10	2	0	0	0	0	0	0
2001	10	3	0	0	0	0	0	0
2001	10	4	0	0	0	0	0	0
2001	10	5	0	0	0	0	0	0
2001	10	6	0	0	0	0	0	7.62
2001	10	7	0	0	0	0	1.524	2.54
2001	10	8	0	0	0	0.762	0.762	0
2001	10	9	0	0	0	0.762	0.508	0
2001	10	10	0	0	0	4.826	4.064	0
2001	10	11	0	0	0	1.778	0	0
2001	10	12	0	0	0	2.032	6.858	15.24
2001	10	13	0	0	0	0.762	1.016	2.54
2001	10	14	0	0	0	1.778	1.524	10.16
2001	10	15	0	0	0	0	0	0
2001	10	16	0	0	0	0.508	0	2.54
2001	10	17	0	0	0	0	0	7.62
2001	10	18	0	0	0	0	2.286	0
2001	10	19	0	0	0	0.762	0	10.16
2001	10	20	0	0	0	1.27	5.334	0
2001	10	21	0	0	0	4.318	1.524	2.54
2001	10	22	0	0	0	7.62	4.318	12.7
2001	10	23	0	0	0	0	0	25.4
2001	10	24	0	0	0	2.54	0.762	5.08
2001	10	25	0	0	0	0	1.016	5.08
2001	10	26	0	0	0	0	0	0
2001	10	27	0	0	0	0	3.556	10.16
2001	10	28	0	0	0	0.254	0	10.16
2001	10	29	0	0	0	2.794	4.318	0
2001	10	30	0	0	0	0	15.24	2.54
2001	10	31	0	0	0	5.08	3.048	12.7
2001	11	1	0	0	0	0	0	2.54
2001	11	2	0	0	0	0.762	0	2.54
2001	11	3	0	0	0	0	0	0
2001	11	4	0	0	0	0	1.27	0
2001	11	5	0	0	0	0	0	0
2001	11	6	0	0	0	0.254	0	0
2001	11	7	0	0	0	0	0	0
2001	11	8	0	0	0	0	0	2.54
2001	11	9	0	0	0	0	0	0
2001	11	10	0	0	0	0	0	0
2001	11	11	0	0	0	0	0	0
2001	11	12	0	0	0	0	0	0
2001	11	13	0	0	0	0	3.302	0
2001	11	14	0	0	0	0.762	1.778	2.54
2001	11	15	0	0	0	0	2.032	0
2001	11	16	0	0	0	1.016	17.78	0
2001	11	17	0	0	0	0.762	1.524	2.54
2001	11	18	0	0	0	0	0	0
2001	11	19	0	0	0	0	0.762	0
2001	11	20	0	0	0	0	3.048	0
2001	11	21	0	0	0	0.508	3.556	0
2001	11	22	0	0	0	4.572	7.366	2.54
2001	11	23	0	0	0	5.08	0.254	2.54
2001	11	24	0	0	0	0	0	0
2001	11	25	0	0	0	0.762	6.858	7.62
2001	11	26	0	0	0	0	0	2.54
2001	11	27	0	0	0	0	6.858	0
2001	11	28	0	0	0	5.842	7.112	2.54
2001	11	29	0	0	0	0.762	1.524	2.54
2001	11	30	0	0	0	0	3.556	2.54
2001	12	1	0	0	0	1.016	2.54	15.24
2001	12	2	0	0	0	3.048	3.302	5.08
2001	12	3	0	0	0	0.254	0.762	15.24
2001	12	4	0	0	0	0	1.778	2.54
2001	12	5	0	0	0	1.27	6.35	2.54
2001	12	6	0	0	0	1.27	0	15.24
2001	12	7	0	0	0	0	0	5.08
2001	12	8	0	0	0	0	0	2.54
2001	12	9	0	0	0	0	0	5.08
2001	12	10	0	0	0	0	1.27	0
2001	12	11	0	0	0	0.762	1.016	0
2001	12	12	0	0	0	1.27	3.556	5.08
2001	12	13	0	0	0	2.286	16.51	15.24
2001	12	14	0	0	0	0	0	2.54
2001	12	15	0	0	0	0	0.508	0
2001	12	16	0	0	0	0.254	6.096	10.16
2001	12	17	0	0	0	0	0	0
2001	12	18	0	0	0	1.016	2.794	2.54
2001	12	19	0	0	0	1.524	0	7.62
2001	12	20	0	0	0	1.778	0.762	2.54
2001	12	21	0	0	0	0.762	0.762	0
2001	12	22	0	0	0	0	0	0
2001	12	23	0	0	0	0	0	0
2001	12	24	0	0	0	0	0	0
2001	12	25	0	0	0	0	0	0
2001	12	26	0	0	0	0.762	0	0
2001	12	27	0	0	0	0	2.032	0
2001	12	28	0	0	0	1.524	2.54	0
2001	12	29	0	0	0	0	0	0
2001	12	30	0	0	0	0	0	0
2001	12	31	0	0	0	0	0	0
2002	1	1	0	0	0	0.508	3.556	2.54
2002	1	2	0	0	0	0.508	0.762	2.54
2002	1	3	0	0	0	0	0.762	0
2002	1	4	0	0	0	0.254	0	0
2002	1	5	0	0	0	1.27	0.254	0
2002	1	6	0	0	0	0	5.842	17.78
2002	1	7	0	0	0	1.524	7.366	10.16
2002	1	8	0	0	0	0	0	22.86
2002	1	9	0	0	0	0.762	0	15.24
2002	1	10	0	0	0	0	0	0
2002	1	11	0	0	0	1.27	1.016	0
2002	1	12	0	0	0	0	0.254	10.16
2002	1	13	0	0	0	0	0	0
2002	1	14	0	0	0	0	0	0
2002	1	15	0	0	0	0	1.016	0
2002	1	16	0	0	0	1.27	0.762	0
2002	1	17	0	0	0	0.508	0.762	0
2002	1	18	0	0	0	1.27	2.286	0
2002	1	19	0	0	0	0.254	2.032	10.16
2002	1	20	0	0	0	3.048	0	22.86
2002	1	21	0	0	0	0	0	5.08
2002	1	22	0	0	0	0.762	0.254	2.54
2002	1	23	0	0	0	0.254	0.254	10.16
2002	1	24	0	0	0	0	1.778	25.4
2002	1	25	0	0	0	1.524	0	48.26
2002	1	26	0	0	0	0.254	0.762	7.62
2002	1	27	0	0	0	0.254	0.762	5.08
2002	1	28	0	0	0	0	0	0
2002	1	29	0	0	0	0.762	1.016	7.62
2002	1	30	0	0	0	2.286	0.762	0
2002	1	31	0	0	0	0.254	1.524	7.62
2002	2	1	0	0	0	0	0	10.16
2002	2	2	0	0	0	0	4.572	2.54
2002	2	3	0	0	0	0	0.254	5.08
2002	2	4	0	0	0	0	0	2.54
2002	2	5	0	0	0	0	0	2.54
2002	2	6	0	0	0	0	4.318	7.62
2002	2	7	0	0	0	4.826	6.096	20.32
2002	2	8	0	0	0	2.032	0.254	10.16
2002	2	9	0	0	0	0	0	2.54
2002	2	10	0	0	0	0.762	0	2.54
2002	2	11	0	0	0	0	0	10.16
2002	2	12	0	0	0	0	0	0
2002	2	13	0	0	0	0	0	5.08
2002	2	14	0	0	0	0	0	0
2002	2	15	0	0	0	0	0	2.54
2002	2	16	0	0	0	0	0	0
2002	2	17	0	0	0	0.762	0.508	0
2002	2	18	0	0	0	0	0.254	5.08
2002	2	19	0	0	0	0.762	3.81	5.08
2002	2	20	0	0	0	1.778	0	0
2002	2	21	0	0	0	2.032	3.302	10.16
2002	2	22	0	0	0	0	0	58.42
2002	2	23	0	0	0	0.762	0.508	12.7
2002	2	24	0	0	0	0	1.778	0
2002	2	25	0	0	0	0	0	0
2002	2	26	0	0	0	0.508	0.508	0
2002	2	27	0	0	0	0.508	0	7.62
2002	2	28	0	0	0	2.032	0	7.62
2002	3	1	0	0	0	0	0	2.54
2002	3	2	0	0	0	0	0	0
2002	3	3	0	0	0	0	0	0
2002	3	4	0	0	0	0.508	0	12.7
2002	3	5	0	0	0	0.254	2.794	22.86
2002	3	6	0	0	0	0.762	0.254	20.32
2002	3	7	0	0	0	0.762	1.016	0
2002	3	8	0	0	0	0.762	0	0
2002	3	9	0	0	0	0.508	0.762	7.62
2002	3	10	0	0	0	0.254	2.032	7.62
2002	3	11	0	0	0	2.286	5.842	38.1
2002	3	12	0	0	0	0.254	0.762	12.7
2002	3	13	0	0	0	0.254	0.508	0
2002	3	14	0	0	0	0.254	0	5.08
2002	3	15	0	0	0	0.762	1.524	5.08
2002	3	16	0	0	0	0	0.254	0
2002	3	17	0	0	0	1.27	1.778	0
2002	3	18	0	0	0	1.016	0.254	12.7
2002	3	19	0	0	0	1.524	8.382	25.4
2002	3	20	0	0	0	0.762	2.032	10.16
2002	3	21	0	0	0	0	0	5.08
2002	3	22	0	0	0	0	0	0
2002	3	23	0	0	0	0	0.254	0
2002	3	24	0	0	0	0.508	1.524	0
2002	3	25	0	0	0	0.762	0	2.54
2002	3	26	0	0	0	0	0	12.7
2002	3	27	0	0	0	0	0	22.86
2002	3	28	0	0	0	0	0	12.7
2002	3	29	0	0	0	0	0	10.16
2002	3	30	0	0	0	0	0	5.08
2002	3	31	0	0	0	0.762	0	0
2002	4	1	0	0	0	0.762	0	25.4
2002	4	2	0	0	0	0	0	0
2002	4	3	0	0	0	0	0	0
2002	4	4	0	0	0	0	0	2.54
2002	4	5	0	0	0	0	0.762	10.16
2002	4	6	0	0	0	0.508	0	7.62
2002	4	7	0	0	0	0	0	12.7
2002	4	8	0	0	0	0	1.778	0
2002	4	9	0	0	0	1.524	7.874	0
2002	4	10	0	0	0	0.508	0.508	5.08
2002	4	11	0	0	0	0.508	3.048	0
2002	4	12	0	0	0	1.27	1.016	5.08
2002	4	13	0	0	0	8.89	8.89	12.7
2002	4	14	0	0	0	0.254	0	7.62
2002	4	15	0	0	0	0	1.016	0
2002	4	16	0	0	0	0.508	0.508	0
2002	4	17	0	0	0	0	0	7.62
2002	4	18	0	0	0	0	0	7.62
2002	4	19	0	0	0	0	0	10.16
2002	4	20	0	0	0	0.254	0	0
2002	4	21	0	0	0	1.778	0	0
2002	4	22	0	0	0	0	0	0
2002	4	23	0	0	0	0.762	0.762	17.78
2002	4	24	0	0	0	0	0	5.08
2002	4	25	0	0	0	0	0	0
2002	4	26	0	0	0	0	0.762	15.24
2002	4	27	0	0	0	0	0	0
2002	4	28	0	0	0	0	0	0
2002	4	29	0	0	0	0	0	0
2002	4	30	0	0	0	0	0	12.7
2002	5	1	0	0	0	0	0	5.08
2002	5	2	0	0	0	0.254	0	5.08
2002	5	3	0	0	0	0.254	0	0
2002	5	4	0	0	0	2.54	6.096	0
2002	5	5	0	0	0	0.762	1.778	10.16
2002	5	6	0	0	0	1.27	3.048	5.08
2002	5	7	0	0	0	1.27	0	38.1
2002	5	8	0	0	0	0	0	12.7
2002	5	9	0	0	0	0	0	2.54
2002	5	10	0	0	0	0.762	0	0
2002	5	11	0	0	0	0	0	2.54
2002	5	12	0	0	0	0	0	0
2002	5	13	0	0	0	0	0	5.08
2002	5	14	0	0	0	0	0	5.08
2002	5	15	0	0	0	0	0	0
2002	5	16	0	0	0	1.016	1.778	0
2002	5	17	0	0	0	0	0.254	0
2002	5	18	0	0	0	0.762	1.27	0
2002	5	19	0	0	0	0.508	0	5.08
2002	5	20	0	0	0	7.62	0.254	0
2002	5	21	0	0	0	24.384	1.27	15.24
2002	5	22	0	0	0	9.398	10.16	22.86
2002	5	23	0	0	0	0	0	2.54
2002	5	24	0	0	0	0.508	0.254	0
2002	5	25	0	0	0	2.286	1.27	2.54
2002	5	26	0	0	0	5.334	0	2.54
2002	5	27	0	0	0	0.508	2.54	0
2002	5	28	0	0	0	3.81	0.254	2.54
2002	5	29	0	0	0	0	0	0
2002	5	30	0	0	0	0	0	0
2002	5	31	0	0	0	0	0	0
2002	6	1	0	0	0	1.778	0	5.08
2002	6	2	0	0	0	5.842	0.762	2.54
2002	6	3	0	0	0	0	0	0
2002	6	4	0	0	0	0.762	0	2.54
2002	6	5	0	0	0	0.254	0	0
2002	6	6	0	0	0	0	0	0
2002	6	7	0	0	0	6.096	2.54	7.62
2002	6	8	0	0	0	3.302	4.318	68.58
2002	6	9	0	0	0	1.524	14.986	60.96
2002	6	10	0	0	0	0	0	53.34
2002	6	11	0	0	0	0.254	0	43.18
2002	6	12	0	0	0	0	0	0
2002	6	13	0	0	0	0	0	0
2002	6	14	0	0	0	0	0	0
2002	6	15	0	0	0	0	0	2.54
2002	6	16	0	0	0	0	0	0
2002	6	17	0	0	0	3.81	2.032	0
2002	6	18	0	0	0	12.192	3.048	5.08
2002	6	19	0	0	0	1.778	0	2.54
2002	6	20	0	0	0	0	0	0
2002	6	21	0	0	0	0	0	0
2002	6	22	0	0	0	5.334	0.762	2.54
2002	6	23	0	0	0	0.508	0.762	2.54
2002	6	24	0	0	0	0	0	0
2002	6	25	0	0	0	0	0	2.54
2002	6	26	0	0	0	0	0	0
2002	6	27	0	0	0	0	0.508	0
2002	6	28	0	0	0	3.302	9.144	2.54
2002	6	29	0	0	0	3.302	2.032	0
2002	6	30	0	0	0	0	0	0
2002	7	1	0	0	0	0	0	0
2002	7	2	0	0	0	0	0	0
2002	7	3	0	0	0	0	0	2.54
2002	7	4	0	0	0	0	0	0
2002	7	5	0	0	0	0	0	0
2002	7	6	0	0	0	0	0	0
2002	7	7	0	0	0	20.574	0.762	2.54
2002	7	8	0	0	0	0	4.318	12.7
2002	7	9	0	0	0	0	0	0
2002	7	10	0	0	0	0.254	0	2.54
2002	7	11	0	0	0	0	0	0
2002	7	12	0	0	0	0	0	0
2002	7	13	0	0	0	0	0	17.78
2002	7	14	0	0	0	0	0	0
2002	7	15	0	0	0	0.762	0	0
2002	7	16	0	0	0	0	0	0
2002	7	17	0	0	0	0	0	0
2002	7	18	0	0	0	0.508	0	0
2002	7	19	0	0	0	0	0	0
2002	7	20	0	0	0	0	0	0
2002	7	21	0	0	0	0	0	0
2002	7	22	0	0	0	0	0	0
2002	7	23	0	0	0	0	0	0
2002	7	24	0	0	0	0	1.27	0
2002	7	25	0	0	0	0	0.762	0
2002	7	26	0	0	0	1.524	0	0
2002	7	27	0	0	0	5.842	0	5.08
2002	7	28	0	0	0	4.826	4.572	0
2002	7	29	0	0	0	0	0	0
2002	7	30	0	0	0	6.604	0	0
2002	7	31	0	0	0	0.254	0	0
2002	8	1	0	0	0	0	0	5.08
2002	8	2	0	0	0	0	0	0
2002	8	3	0	0	0	0.762	0	0
2002	8	4	0	0	0	4.318	0	2.54
2002	8	5	0	0	0	0	0	10.16
2002	8	6	0	0	0	4.318	0.762	5.08
2002	8	7	0	0	0	0	0	2.54
2002	8	8	0	0	0	13.462	0	15.24
2002	8	9	0	0	0	0	0	0
2002	8	10	0	0	0	0	0	0
2002	8	11	0	0	0	0	0	0
2002	8	12	0	0	0	0	0	0
2002	8	13	0	0	0	0	0	0
2002	8	14	0	0	0	0	0	0
2002	8	15	0	0	0	0	0	0
2002	8	16	0	0	0	0	0	2.54
2002	8	17	0	0	0	0.762	0	5.08
2002	8	18	0	0	0	0	0	0
2002	8	19	0	0	0	0	0	0
2002	8	20	0	0	0	0	0	2.54
2002	8	21	0	0	0	0	6.858	5.08
2002	8	22	0	0	0	0	23.114	2.54
2002	8	23	0	0	0	0	0	2.54
2002	8	24	0	0	0	0.254	0	0
2002	8	25	0	0	0	0.254	0	10.16
2002	8	26	0	0	0	0.762	1.524	0
2002	8	27	0	0	0	0	0	20.32
2002	8	28	0	0	0	0	0	0
2002	8	29	0	0	0	0	0	0
2002	8	30	0	0	0	6.096	0	0
2002	8	31	0	0	0	0.254	0	2.54
2002	9	1	0	0	0	0	0	0
2002	9	2	0	0	0	0	0	2.54
2002	9	3	0	0	0	0.508	0	0
2002	9	4	0	0	0	0.508	1.016	0
2002	9	5	0	0	0	2.286	0	2.54
2002	9	6	0	0	0	8.382	0	15.24
2002	9	7	0	0	0	2.286	0	0
2002	9	8	0	0	0	0	0	2.54
2002	9	9	0	0	0	0	0	0
2002	9	10	0	0	0	0	0	2.54
2002	9	11	0	0	0	0	0	0
2002	9	12	0	0	0	0	0	0
2002	9	13	0	0	0	0	0	0
2002	9	14	0	0	0	0	0	0
2002	9	15	0	0	0	0	0	0
2002	9	16	0	0	0	1.016	1.778	0
2002	9	17	0	0	0	13.716	9.144	0
2002	9	18	0	0	0	0	0	0
2002	9	19	0	0	0	0	0	2.54
2002	9	20	0	0	0	0	0	0
2002	9	21	0	0	0	0	0	0
2002	9	22	0	0	0	0	0	0
2002	9	23	0	0	0	0	0	0
2002	9	24	0	0	0	0	0	0
2002	9	25	0	0	0	0	0	0
2002	9	26	0	0	0	0	0.254	7.62
2002	9	27	0	0	0	0	0	10.16
2002	9	28	0	0	0	1.016	0.254	0
2002	9	29	0	0	0	1.016	2.032	10.16
2002	9	30	0	0	0	0.508	0	0
2002	10	1	0	0	0	0	0	0
2002	10	2	0	0	0	0	1.778	2.54
2002	10	3	0	0	0	0	2.794	2.54
2002	10	4	0	0	0	0.254	0.254	0
2002	10	5	0	0	0	0.254	0	15.24
2002	10	6	0	0	0	0	0	5.08
2002	10	7	0	0	0	0	0	0
2002	10	8	0	0	0	0	0	0
2002	10	9	0	0	0	0	0	0
2002	10	10	0	0	0	1.27	0	7.62
2002	10	11	0	0	0	0	0	0
2002	10	12	0	0	0	0	0	2.54
2002	10	13	0	0	0	0	0	2.54
2002	10	14	0	0	0	0	0	0
2002	10	15	0	0	0	0	0.508	0
2002	10	16	0	0	0	0	0	0
2002	10	17	0	0	0	0	0	2.54
2002	10	18	0	0	0	0	0	0
2002	10	19	0	0	0	0	0	0
2002	10	20	0	0	0	0	0	0
2002	10	21	0	0	0	0	0	0
2002	10	22	0	0	0	0	0	0
2002	10	23	0	0	0	0	0	0
2002	10	24	0	0	0	0	0	2.54
2002	10	25	0	0	0	0	0	0
2002	10	26	0	0	0	0	0	0
2002	10	27	0	0	0	0.254	0	2.54
2002	10	28	0	0	0	0	0	5.08
2002	10	29	0	0	0	0	0	7.62
2002	10	30	0	0	0	0	0	0
2002	10	31	0	0	0	0	0	5.08
2002	11	1	0	0	0	0	0	0
2002	11	2	0	0	0	0	0	0
2002	11	3	0	0	0	0	0	2.54
2002	11	4	0	0	0	0	0	0
2002	11	5	0	0	0	0	0	2.54
2002	11	6	0	0	0	0	0	0
2002	11	7	0	0	0	4.064	7.62	0
2002	11	8	0	0	0	0	12.192	2.54
2002	11	9	0	0	0	2.794	7.112	5.08
2002	11	10	0	0	0	0	0.254	0
2002	11	11	0	0	0	1.778	0	12.7
2002	11	12	0	0	0	2.286	3.81	2.54
2002	11	13	0	0	0	2.286	1.27	5.08
2002	11	14	0	0	0	0	2.032	5.08
2002	11	15	0	0	0	0	0	0
2002	11	16	0	0	0	0	0	0
2002	11	17	0	0	0	0	0	2.54
2002	11	18	0	0	0	0	3.81	2.54
2002	11	19	0	0	0	3.302	0	5.08
2002	11	20	0	0	0	0	0	0
2002	11	21	0	0	0	2.032	1.524	0
2002	11	22	0	0	0	0	0.254	0
2002	11	23	0	0	0	0	1.778	0
2002	11	24	0	0	0	0	0	0
2002	11	25	0	0	0	0	0	2.54
2002	11	26	0	0	0	0	0	5.08
2002	11	27	0	0	0	0	0	0
2002	11	28	0	0	0	0	0	2.54
2002	11	29	0	0	0	0	0	0
2002	11	30	0	0	0	0	0	0
2002	12	1	0	0	0	0	0	0
2002	12	2	0	0	0	1.016	0	0
2002	12	3	0	0	0	0.508	0	0
2002	12	4	0	0	0	0	0	5.08
2002	12	5	0	0	0	0	0	2.54
2002	12	6	0	0	0	0	0	0
2002	12	7	0	0	0	0	0	0
2002	12	8	0	0	0	0	0	0
2002	12	9	0	0	0	0.254	2.794	0
2002	12	10	0	0	0	0	1.778	2.54
2002	12	11	0	0	0	0.508	2.032	7.62
2002	12	12	0	0	0	0	3.302	2.54
2002	12	13	0	0	0	0.254	1.778	2.54
2002	12	14	0	0	0	3.81	17.018	2.54
2002	12	15	0	0	0	0.254	9.652	0
2002	12	16	0	0	0	0.508	8.636	0
2002	12	17	0	0	0	0	0.762	0
2002	12	18	0	0	0	0	0	0
2002	12	19	0	0	0	0	0	0
2002	12	20	0	0	0	0	0	0
2002	12	21	0	0	0	0	0	0
2002	12	22	0	0	0	0	0	0
2002	12	23	0	0	0	0	0	0
2002	12	24	0	0	0	0	0	0
2002	12	25	0	0	0	0	0.762	2.54
2002	12	26	0	0	0	0.762	5.334	7.62
2002	12	27	0	0	0	10.668	5.842	25.4
2002	12	28	0	0	0	4.572	9.398	5.08
2002	12	29	0	0	0	2.794	0.254	15.24
2002	12	30	0	0	0	3.556	9.906	5.08
2002	12	31	0	0	0	1.778	3.556	5.08
2003	1	1	0	0	0	0	7.112	2.54
2003	1	2	0	0	0	1.27	9.144	7.62
2003	1	3	0	0	0	0	0	0
2003	1	4	0	0	0	1.778	5.334	7.62
2003	1	5	0	0	0	0.254	0	2.54
2003	1	6	0	0	0	0	0	2.54
2003	1	7	0	0	0	0	0	0
2003	1	8	0	0	0	0	0	0
2003	1	9	0	0	0	0	0	0
2003	1	10	0	0	0	0	0	0
2003	1	11	0	0	0	0.508	1.778	0
2003	1	12	0	0	0	0	5.588	12.7
2003	1	13	0	0	0	2.032	2.54	0
2003	1	14	0	0	0	0.254	2.286	2.54
2003	1	15	0	0	0	0	0.254	0
2003	1	16	0	0	0	0	0	0
2003	1	17	0	0	0	0	0	0
2003	1	18	0	0	0	0	0	0
2003	1	19	0	0	0	0.254	0	0
2003	1	20	0	0	0	0	0.254	0
2003	1	21	0	0	0	0	5.08	0
2003	1	22	0	0	0	5.842	12.7	12.7
2003	1	23	0	0	0	0	0	7.62
2003	1	24	0	0	0	0.254	0.762	2.54
2003	1	25	0	0	0	0.508	5.588	12.7
2003	1	26	0	0	0	0.254	3.048	15.24
2003	1	27	0	0	0	2.032	0.254	0
2003	1	28	0	0	0	0	0	7.62
2003	1	29	0	0	0	2.54	6.35	7.62
2003	1	30	0	0	0	2.286	10.414	5.08
2003	1	31	0	0	0	1.778	8.128	30.48
2003	2	1	0	0	0	0	0	7.62
2003	2	2	0	0	0	3.048	2.032	2.54
2003	2	3	0	0	0	0.254	0	7.62
2003	2	4	0	0	0	0	0	5.08
2003	2	5	0	0	0	0	0	20.32
2003	2	6	0	0	0	0	0	2.54
2003	2	7	0	0	0	0	0	5.08
2003	2	8	0	0	0	0	0	5.08
2003	2	9	0	0	0	0	0	2.54
2003	2	10	0	0	0	0	0	0
2003	2	11	0	0	0	0	0	0
2003	2	12	0	0	0	0	0	0
2003	2	13	0	0	0	0	0.508	2.54
2003	2	14	0	0	0	0	0.508	0
2003	2	15	0	0	0	0.254	2.794	0
2003	2	16	0	0	0	0	5.334	5.08
2003	2	17	0	0	0	0	0.254	5.08
2003	2	18	0	0	0	0	0	0
2003	2	19	0	0	0	0	0.254	0
2003	2	20	0	0	0	1.524	0.508	12.7
2003	2	21	0	0	0	0.254	1.524	15.24
2003	2	22	0	0	0	0	0	0
2003	2	23	0	0	0	0	0	0
2003	2	24	0	0	0	0	0	0
2003	2	25	0	0	0	0	0	0
2003	2	26	0	0	0	0	0	5.08
2003	2	27	0	0	0	0	0	0
2003	2	28	0	0	0	0	0	0
2003	3	1	0	0	0	0	0	5.08
2003	3	2	0	0	0	0.762	0.508	5.08
2003	3	3	0	0	0	0.254	0	5.08
2003	3	4	0	0	0	0	0	5.08
2003	3	5	0	0	0	0	0	27.94
2003	3	6	0	0	0	1.524	0	25.4
2003	3	7	0	0	0	0	0	15.24
2003	3	8	0	0	0	2.032	0.762	10.16
2003	3	9	0	0	0	3.81	5.08	15.24
2003	3	10	0	0	0	0.508	0	12.7
2003	3	11	0	0	0	0.762	0.254	45.72
2003	3	12	0	0	0	0	2.794	10.16
2003	3	13	0	0	0	0.254	0.762	0
2003	3	14	0	0	0	0	5.842	7.62
2003	3	15	0	0	0	1.016	11.176	5.08
2003	3	16	0	0	0	11.176	0	7.62
2003	3	17	0	0	0	0	0	0
2003	3	18	0	0	0	0	0	0
2003	3	19	0	0	0	0	2.032	0
2003	3	20	0	0	0	0	3.048	0
2003	3	21	0	0	0	1.016	8.382	0
2003	3	22	0	0	0	0.254	4.064	12.7
2003	3	23	0	0	0	0.254	0.508	2.54
2003	3	24	0	0	0	0.254	0	7.62
2003	3	25	0	0	0	3.302	1.016	10.16
2003	3	26	0	0	0	4.064	9.652	10.16
2003	3	27	0	0	0	0.254	0	5.08
2003	3	28	0	0	0	0.254	0	0
2003	3	29	0	0	0	0	0	2.54
2003	3	30	0	0	0	0	0.508	0
2003	3	31	0	0	0	2.032	1.27	22.86
2003	4	1	0	0	0	0.762	8.128	7.62
2003	4	2	0	0	0	1.778	0.254	2.54
2003	4	3	0	0	0	0	0	7.62
2003	4	4	0	0	0	2.54	0	5.08
2003	4	5	0	0	0	0	0	0
2003	4	6	0	0	0	0	0	2.54
2003	4	7	0	0	0	0	0	2.54
2003	4	8	0	0	0	0	0.254	0
2003	4	9	0	0	0	0	0.508	2.54
2003	4	10	0	0	0	0.254	0.508	0
2003	4	11	0	0	0	2.794	0.762	0
2003	4	12	0	0	0	6.35	2.794	12.7
2003	4	13	0	0	0	2.032	1.27	7.62
2003	4	14	0	0	0	0.508	3.556	2.54
2003	4	15	0	0	0	0	0.254	0
2003	4	16	0	0	0	0	1.016	0
2003	4	17	0	0	0	0.762	2.794	0
2003	4	18	0	0	0	0	0.254	0
2003	4	19	0	0	0	0	0	0
2003	4	20	0	0	0	0	0	0
2003	4	21	0	0	0	0	0	2.54
2003	4	22	0	0	0	1.016	0	0
2003	4	23	0	0	0	0	0.254	0
2003	4	24	0	0	0	3.302	6.604	0
2003	4	25	0	0	0	2.286	0.762	5.08
2003	4	26	0	0	0	0	0	0
2003	4	27	0	0	0	0	0	0
2003	4	28	0	0	0	0	0.254	0
2003	4	29	0	0	0	0	0.508	5.08
2003	4	30	0	0	0	0	4.318	5.08
2003	5	1	0	0	0	0.762	0	0
2003	5	2	0	0	0	5.334	0.254	0
2003	5	3	0	0	0	0.508	0	5.08
2003	5	4	0	0	0	6.858	0.508	2.54
2003	5	5	0	0	0	0.762	0.254	5.08
2003	5	6	0	0	0	0.254	0	0
2003	5	7	0	0	0	0	0	2.54
2003	5	8	0	0	0	4.572	0	7.62
2003	5	9	0	0	0	0	0	10.16
2003	5	10	0	0	0	0	0	2.54
2003	5	11	0	0	0	4.572	2.54	2.54
2003	5	12	0	0	0	1.524	1.27	2.54
2003	5	13	0	0	0	0.254	0	2.54
2003	5	14	0	0	0	0.254	0	0
2003	5	15	0	0	0	0	0	0
2003	5	16	0	0	0	1.778	1.27	2.54
2003	5	17	0	0	0	1.778	0.508	2.54
2003	5	18	0	0	0	5.08	2.032	5.08
2003	5	19	0	0	0	0	0	2.54
2003	5	20	0	0	0	0	0	2.54
2003	5	21	0	0	0	0	0	0
2003	5	22	0	0	0	0	0	2.54
2003	5	23	0	0	0	0	0	0
2003	5	24	0	0	0	0.254	1.524	0
2003	5	25	0	0	0	6.604	0.254	5.08
2003	5	26	0	0	0	2.54	0	0
2003	5	27	0	0	0	0	0	0
2003	5	28	0	0	0	0	0	2.54
2003	5	29	0	0	0	0	0	0
2003	5	30	0	0	0	2.54	27.432	0
2003	5	31	0	0	0	4.572	0	2.54
2003	6	1	0	0	0	0	0	0
2003	6	2	0	0	0	0.254	0	0
2003	6	3	0	0	0	0	0	0
2003	6	4	0	0	0	0	0	0
2003	6	5	0	0	0	0	0	5.08
2003	6	6	0	0	0	0	0	2.54
2003	6	7	0	0	0	0	0	0
2003	6	8	0	0	0	3.302	0	10.16
2003	6	9	0	0	0	6.858	0	2.54
2003	6	10	0	0	0	6.604	3.556	7.62
2003	6	11	0	0	0	0	0	0
2003	6	12	0	0	0	1.778	0	0
2003	6	13	0	0	0	0.254	0	0
2003	6	14	0	0	0	0	0	0
2003	6	15	0	0	0	0	0	0
2003	6	16	0	0	0	0	0	0
2003	6	17	0	0	0	0	0	0
2003	6	18	0	0	0	2.286	0	2.54
2003	6	19	0	0	0	9.652	0	5.08
2003	6	20	0	0	0	2.286	2.032	2.54
2003	6	21	0	0	0	0	0	5.08
2003	6	22	0	0	0	0.508	0	2.54
2003	6	23	0	0	0	0	0	0
2003	6	24	0	0	0	0	0	0
2003	6	25	0	0	0	0	0	0
2003	6	26	0	0	0	0	0	2.54
2003	6	27	0	0	0	0	0	0
2003	6	28	0	0	0	0	0	0
2003	6	29	0	0	0	0	0	0
2003	6	30	0	0	0	0	0	0
2003	7	1	0	0	0	0.254	0	0
2003	7	2	0	0	0	0	0	0
2003	7	3	0	0	0	0	0	0
2003	7	4	0	0	0	0	0	0
2003	7	5	0	0	0	0	0	0
2003	7	6	0	0	0	0	0	0
2003	7	7	0	0	0	0	0	2.54
2003	7	8	0	0	0	0	0	0
2003	7	9	0	0	0	0	0	0
2003	7	10	0	0	0	0	0	0
2003	7	11	0	0	0	0	0	0
2003	7	12	0	0	0	0	0	0
2003	7	13	0	0	0	0	0	0
2003	7	14	0	0	0	0	0	0
2003	7	15	0	0	0	0.254	0	0
2003	7	16	0	0	0	0	0	2.54
2003	7	17	0	0	0	0	0	0
2003	7	18	0	0	0	0	0	2.54
2003	7	19	0	0	0	0	0	0
2003	7	20	0	0	0	0	0	0
2003	7	21	0	0	0	0	0	0
2003	7	22	0	0	0	0	0	0
2003	7	23	0	0	0	0	0	0
2003	7	24	0	0	0	0	0	0
2003	7	25	0	0	0	1.778	0	0
2003	7	26	0	0	0	0	0	0
2003	7	27	0	0	0	0	0	0
2003	7	28	0	0	0	0	0	0
2003	7	29	0	0	0	0	0	0
2003	7	30	0	0	0	0	0	2.54
2003	7	31	0	0	0	0	0	0
2003	8	1	0	0	0	0	0	0
2003	8	2	0	0	0	0.508	6.604	0
2003	8	3	0	0	0	3.302	0.254	0
2003	8	4	0	0	0	0	0	0
2003	8	5	0	0	0	0.254	1.778	0
2003	8	6	0	0	0	0.254	1.016	5.08
2003	8	7	0	0	0	0	0	0
2003	8	8	0	0	0	0	0	2.54
2003	8	9	0	0	0	0	0	0
2003	8	10	0	0	0	0	0	0
2003	8	11	0	0	0	0	0	0
2003	8	12	0	0	0	0	0	0
2003	8	13	0	0	0	0	0	0
2003	8	14	0	0	0	0	0	2.54
2003	8	15	0	0	0	0.508	0.254	0
2003	8	16	0	0	0	0	0	0
2003	8	17	0	0	0	0	0	0
2003	8	18	0	0	0	0	0	2.54
2003	8	19	0	0	0	0	0	2.54
2003	8	20	0	0	0	0	0	0
2003	8	21	0	0	0	0	0.762	0
2003	8	22	0	0	0	3.556	0.508	0
2003	8	23	0	0	0	0	0	0
2003	8	24	0	0	0	0	0	0
2003	8	25	0	0	0	0	0	0
2003	8	26	0	0	0	0	0	2.54
2003	8	27	0	0	0	0	0	0
2003	8	28	0	0	0	0	0	0
2003	8	29	0	0	0	0	0	0
2003	8	30	0	0	0	0	0	0
2003	8	31	0	0	0	0	0	0
2003	9	1	0	0	0	0	0	0
2003	9	2	0	0	0	0	0	0
2003	9	3	0	0	0	0	0	0
2003	9	4	0	0	0	0	0	0
2003	9	5	0	0	0	0	0	0
2003	9	6	0	0	0	0	0	0
2003	9	7	0	0	0	12.446	5.842	0
2003	9	8	0	0	0	10.16	8.128	7.62
2003	9	9	0	0	0	0	0	2.54
2003	9	10	0	0	0	0.254	0	2.54
2003	9	11	0	0	0	6.604	0	20.32
2003	9	12	0	0	0	0	0	15.24
2003	9	13	0	0	0	0	0	0
2003	9	14	0	0	0	0	0	0
2003	9	15	0	0	0	2.794	0.762	0
2003	9	16	0	0	0	2.286	0	12.7
2003	9	17	0	0	0	0	0	2.54
2003	9	18	0	0	0	0.254	0	2.54
2003	9	19	0	0	0	14.732	0	15.24
2003	9	20	0	0	0	0	0	0
2003	9	21	0	0	0	0	0	2.54
2003	9	22	0	0	0	0	0	0
2003	9	23	0	0	0	0	0	0
2003	9	24	0	0	0	0	0	0
2003	9	25	0	0	0	0	0	0
2003	9	26	0	0	0	0	0	0
2003	9	27	0	0	0	0	0	0
2003	9	28	0	0	0	0	0	0
2003	9	29	0	0	0	0	0	0
2003	9	30	0	0	0	0	0	0
2003	10	1	0	0	0	0	0	0
2003	10	2	0	0	0	0	0	0
2003	10	3	0	0	0	0	0	0
2003	10	4	0	0	0	0	0	0
2003	10	5	0	0	0	0	0	0
2003	10	6	0	0	0	0	0.254	0
2003	10	7	0	0	0	0	0	2.54
2003	10	8	0	0	0	0.254	0	7.62
2003	10	9	0	0	0	0	0	5.08
2003	10	10	0	0	0	0.508	0	0
2003	10	11	0	0	0	0.508	0	2.54
2003	10	12	0	0	0	0	0.254	17.78
2003	10	13	0	0	0	0	0	5.08
2003	10	14	0	0	0	0	3.556	2.54
2003	10	15	0	0	0	8.636	5.842	7.62
2003	10	16	0	0	0	3.048	0	5.08
2003	10	17	0	0	0	0	0	0
2003	10	18	0	0	0	0	0	0
2003	10	19	0	0	0	0.254	0.254	0
2003	10	20	0	0	0	3.048	2.032	0
2003	10	21	0	0	0	0	0	0
2003	10	22	0	0	0	0	0.254	0
2003	10	23	0	0	0	0	0	0
2003	10	24	0	0	0	0.254	0	0
2003	10	25	0	0	0	0	0	0
2003	10	26	0	0	0	0	0	5.08
2003	10	27	0	0	0	0.254	0	0
2003	10	28	0	0	0	13.208	0.508	30.48
2003	10	29	0	0	0	2.794	0	12.7
2003	10	30	0	0	0	0.254	0	2.54
2003	10	31	0	0	0	0	0	17.78
2003	11	1	0	0	0	0	1.524	5.08
2003	11	2	0	0	0	0	0	2.54
2003	11	3	0	0	0	0.254	0.508	5.08
2003	11	4	0	0	0	0	0	2.54
2003	11	5	0	0	0	0.254	0	2.54
2003	11	6	0	0	0	0.508	0	0
2003	11	7	0	0	0	0	0	2.54
2003	11	8	0	0	0	0.254	0	2.54
2003	11	9	0	0	0	0	0.254	2.54
2003	11	10	0	0	0	1.524	0.762	15.24
2003	11	11	0	0	0	0	0.254	15.24
2003	11	12	0	0	0	0	0	0
2003	11	13	0	0	0	0	0.254	0
2003	11	14	0	0	0	0	0	0
2003	11	15	0	0	0	1.016	1.27	2.54
2003	11	16	0	0	0	1.27	7.874	5.08
2003	11	17	0	0	0	0.508	2.032	22.86
2003	11	18	0	0	0	0.254	0	30.48
2003	11	19	0	0	0	0	3.048	12.7
2003	11	20	0	0	0	0.508	12.192	15.24
2003	11	21	0	0	0	0.508	0	0
2003	11	22	0	0	0	1.016	0	2.54
2003	11	23	0	0	0	3.556	2.794	7.62
2003	11	24	0	0	0	2.032	0	15.24
2003	11	25	0	0	0	0.508	1.016	12.7
2003	11	26	0	0	0	0	0	10.16
2003	11	27	0	0	0	1.778	0	2.54
2003	11	28	0	0	0	9.398	6.604	7.62
2003	11	29	0	0	0	1.27	0	17.78
2003	11	30	0	0	0	0	3.048	0
2003	12	1	0	0	0	2.032	2.032	2.54
2003	12	2	0	0	0	0.762	0.508	2.54
2003	12	3	0	0	0	0.254	0	0
2003	12	4	0	0	0	0	5.842	0
2003	12	5	0	0	0	5.08	15.748	10.16
2003	12	6	0	0	0	1.27	0.762	0
2003	12	7	0	0	0	0	0	0
2003	12	8	0	0	0	1.016	0	0
2003	12	9	0	0	0	0.254	1.27	0
2003	12	10	0	0	0	0.254	0	0
2003	12	11	0	0	0	0.254	1.778	0
2003	12	12	0	0	0	1.016	8.382	7.62
2003	12	13	0	0	0	11.684	6.858	7.62
2003	12	14	0	0	0	0	0	5.08
2003	12	15	0	0	0	0	0	5.08
2003	12	16	0	0	0	0	0	7.62
2003	12	17	0	0	0	0.254	0	2.54
2003	12	18	0	0	0	0.254	0	0
2003	12	19	0	0	0	0.254	2.794	5.08
2003	12	20	0	0	0	0.508	0.762	0
2003	12	21	0	0	0	0	0	0
2003	12	22	0	0	0	0.254	0	0
2003	12	23	0	0	0	0	3.302	2.54
2003	12	24	0	0	0	2.032	0	2.54
2003	12	25	0	0	0	0.508	0	0
2003	12	26	0	0	0	0	0	5.08
2003	12	27	0	0	0	0.254	0.762	0
2003	12	28	0	0	0	4.318	0	5.08
2003	12	29	0	0	0	0.254	0	0
2003	12	30	0	0	0	0.508	1.27	2.54
2003	12	31	0	0	0	1.27	1.27	2.54
2004	1	1	0	0	0	0.762	6.35	7.62
2004	1	2	0	0	0	1.778	0.254	10.16
2004	1	3	0	0	0	0.762	0.762	0
2004	1	4	0	0	0	0.508	0	2.54
2004	1	5	0	0	0	0.254	1.016	0
2004	1	6	0	0	0	1.778	2.286	10.16
2004	1	7	0	0	0	7.62	3.302	7.62
2004	1	8	0	0	0	0.508	0	2.54
2004	1	9	0	0	0	0.254	1.27	2.54
2004	1	10	0	0	0	1.016	0	5.08
2004	1	11	0	0	0	0	0	0
2004	1	12	0	0	0	0	0.254	2.54
2004	1	13	0	0	0	0	0	0
2004	1	14	0	0	0	0.762	2.032	0
2004	1	15	0	0	0	0	1.016	0
2004	1	16	0	0	0	0	0	0
2004	1	17	0	0	0	0.254	0.762	0
2004	1	18	0	0	0	5.588	3.048	0
2004	1	19	0	0	0	0.254	0	0
2004	1	20	0	0	0	0.254	0	0
2004	1	21	0	0	0	0	0.254	0
2004	1	22	0	0	0	1.778	2.032	0
2004	1	23	0	0	0	2.794	7.874	0
2004	1	24	0	0	0	10.414	1.778	5.08
2004	1	25	0	0	0	0.762	0	7.62
2004	1	26	0	0	0	0	0	10.16
2004	1	27	0	0	0	1.524	0	22.86
2004	1	28	0	0	0	4.826	0.762	20.32
2004	1	29	0	0	0	4.572	1.778	15.24
2004	1	30	0	0	0	0.508	0	10.16
2004	1	31	0	0	0	0	1.778	15.24
2004	2	1	0	0	0	0	0.254	0
2004	2	2	0	0	0	0.254	0	0
2004	2	3	0	0	0	0	0.254	5.08
2004	2	4	0	0	0	0.254	4.826	2.54
2004	2	5	0	0	0	0	0	0
2004	2	6	0	0	0	3.048	4.826	2.54
2004	2	7	0	0	0	0	0	0
2004	2	8	0	0	0	0	0	0
2004	2	9	0	0	0	0	0	0
2004	2	10	0	0	0	0	0	0
2004	2	11	0	0	0	0.254	0	10.16
2004	2	12	0	0	0	0.254	0	2.54
2004	2	13	0	0	0	0	2.286	2.54
2004	2	14	0	0	0	1.016	0.254	2.54
2004	2	15	0	0	0	0	0	2.54
2004	2	16	0	0	0	0.254	5.334	2.54
2004	2	17	0	0	0	4.064	12.446	7.62
2004	2	18	0	0	0	1.016	0.254	15.24
2004	2	19	0	0	0	0	0	0
2004	2	20	0	0	0	0	0	0
2004	2	21	0	0	0	0	0	0
2004	2	22	0	0	0	0.254	0	0
2004	2	23	0	0	0	0.254	0.508	2.54
2004	2	24	0	0	0	0	0	0
2004	2	25	0	0	0	0.254	0.508	0
2004	2	26	0	0	0	0	0.508	2.54
2004	2	27	0	0	0	0	0.508	0
2004	2	28	0	0	0	0	0.254	0
2004	2	29	0	0	0	0	0.508	0
2004	3	1	0	0	0	2.54	0	0
2004	3	2	0	0	0	1.27	2.032	2.54
2004	3	3	0	0	0	2.286	1.27	5.08
2004	3	4	0	0	0	1.27	0.762	15.24
2004	3	5	0	0	0	4.318	0	17.78
2004	3	6	0	0	0	0	0	10.16
2004	3	7	0	0	0	0	0	5.08
2004	3	8	0	0	0	0	0	5.08
2004	3	9	0	0	0	0	0	0
2004	3	10	0	0	0	0	0	0
2004	3	11	0	0	0	0.254	0	2.54
2004	3	12	0	0	0	0.254	0	7.62
2004	3	13	0	0	0	0.254	0	0
2004	3	14	0	0	0	0	0	2.54
2004	3	15	0	0	0	0.254	0	2.54
2004	3	16	0	0	0	0	0	7.62
2004	3	17	0	0	0	0	0	5.08
2004	3	18	0	0	0	0.254	0	22.86
2004	3	19	0	0	0	0	0	5.08
2004	3	20	0	0	0	0	0	5.08
2004	3	21	0	0	0	0	0	2.54
2004	3	22	0	0	0	0	0	0
2004	3	23	0	0	0	0.254	1.524	0
2004	3	24	0	0	0	0	0	2.54
2004	3	25	0	0	0	1.524	4.826	0
2004	3	26	0	0	0	0	2.032	0
2004	3	27	0	0	0	0	2.286	5.08
2004	3	28	0	0	0	0	0	2.54
2004	3	29	0	0	0	0.254	0	2.54
2004	3	30	0	0	0	0	2.286	0
2004	3	31	0	0	0	1.524	0	0
2004	4	1	0	0	0	0	0	15.24
2004	4	2	0	0	0	0	0	2.54
2004	4	3	0	0	0	0	0.508	0
2004	4	4	0	0	0	0	0	0
2004	4	5	0	0	0	0	0	0
2004	4	6	0	0	0	0	0	0
2004	4	7	0	0	0	12.954	0	0
2004	4	8	0	0	0	0	0	15.24
2004	4	9	0	0	0	0	0	0
2004	4	10	0	0	0	0	0	2.54
2004	4	11	0	0	0	0	0	0
2004	4	12	0	0	0	0	0	0
2004	4	13	0	0	0	3.556	0.254	2.54
2004	4	14	0	0	0	2.286	0.762	5.08
2004	4	15	0	0	0	10.668	0	10.16
2004	4	16	0	0	0	0.762	5.588	0
2004	4	17	0	0	0	0.254	0	2.54
2004	4	18	0	0	0	3.81	0.508	0
2004	4	19	0	0	0	0.762	2.032	0
2004	4	20	0	0	0	2.032	3.302	2.54
2004	4	21	0	0	0	0	0.254	0
2004	4	22	0	0	0	0	0	0
2004	4	23	0	0	0	0.254	0.508	2.54
2004	4	24	0	0	0	0	0	0
2004	4	25	0	0	0	0	0	0
2004	4	26	0	0	0	0	0	2.54
2004	4	27	0	0	0	2.032	0.762	5.08
2004	4	28	0	0	0	0	0	25.4
2004	4	29	0	0	0	0	0	5.08
2004	4	30	0	0	0	0	0	0
2004	5	1	0	0	0	0	0	0
2004	5	2	0	0	0	0	0	5.08
2004	5	3	0	0	0	0	0	0
2004	5	4	0	0	0	0	0	0
2004	5	5	0	0	0	0	0	0
2004	5	6	0	0	0	0	0	0
2004	5	7	0	0	0	0.254	1.524	0
2004	5	8	0	0	0	3.81	0.254	0
2004	5	9	0	0	0	0	0	2.54
2004	5	10	0	0	0	1.524	0.762	12.7
2004	5	11	0	0	0	0	0.508	27.94
2004	5	12	0	0	0	0	0	10.16
2004	5	13	0	0	0	1.016	9.144	2.54
2004	5	14	0	0	0	0	0	2.54
2004	5	15	0	0	0	0	0.508	0
2004	5	16	0	0	0	0.254	1.016	0
2004	5	17	0	0	0	0	2.032	2.54
2004	5	18	0	0	0	0	0	0
2004	5	19	0	0	0	0.508	3.556	2.54
2004	5	20	0	0	0	0	11.684	5.08
2004	5	21	0	0	0	9.144	55.88	7.62
2004	5	22	0	0	0	0	7.62	7.62
2004	5	23	0	0	0	0	0	25.4
2004	5	24	0	0	0	0	0	0
2004	5	25	0	0	0	1.524	2.032	5.08
2004	5	26	0	0	0	3.81	0	5.08
2004	5	27	0	0	0	0.762	0	5.08
2004	5	28	0	0	0	1.524	1.524	0
2004	5	29	0	0	0	2.794	0	10.16
2004	5	30	0	0	0	1.016	0.254	2.54
2004	5	31	0	0	0	0.254	0	2.54
2004	6	1	0	0	0	0	0	0
2004	6	2	0	0	0	0	0	0
2004	6	3	0	0	0	0	0	0
2004	6	4	0	0	0	0.762	3.81	0
2004	6	5	0	0	0	2.794	0.254	0
2004	6	6	0	0	0	0.254	0	5.08
2004	6	7	0	0	0	4.826	5.842	17.78
2004	6	8	0	0	0	0	0	0
2004	6	9	0	0	0	1.016	4.064	7.62
2004	6	10	0	0	0	0.254	15.748	0
2004	6	11	0	0	0	1.524	0.254	7.62
2004	6	12	0	0	0	0	0	0
2004	6	13	0	0	0	1.016	0	0
2004	6	14	0	0	0	2.54	0	0
2004	6	15	0	0	0	0.762	0	5.08
2004	6	16	0	0	0	0	0	0
2004	6	17	0	0	0	1.27	0	0
2004	6	18	0	0	0	0	0	2.54
2004	6	19	0	0	0	1.016	0	0
2004	6	20	0	0	0	0.254	0	7.62
2004	6	21	0	0	0	0	0	0
2004	6	22	0	0	0	0	0	0
2004	6	23	0	0	0	0	0	0
2004	6	24	0	0	0	0	0.254	0
2004	6	25	0	0	0	4.826	0	12.7
2004	6	26	0	0	0	7.112	0	2.54
2004	6	27	0	0	0	0.254	0	0
2004	6	28	0	0	0	0	0	2.54
2004	6	29	0	0	0	1.778	0.508	0
2004	6	30	0	0	0	9.398	0	0
2004	7	1	0	0	0	0	0	0
2004	7	2	0	0	0	0.508	0	0
2004	7	3	0	0	0	2.286	0	0
2004	7	4	0	0	0	2.032	0	15.24
2004	7	5	0	0	0	0	0	0
2004	7	6	0	0	0	6.604	0	7.62
2004	7	7	0	0	0	0	0	12.7
2004	7	8	0	0	0	0	0	0
2004	7	9	0	0	0	0.254	0	2.54
2004	7	10	0	0	0	0	0	0
2004	7	11	0	0	0	0	0	0
2004	7	12	0	0	0	0	0	2.54
2004	7	13	0	0	0	0	0	0
2004	7	14	0	0	0	0	0	0
2004	7	15	0	0	0	0	0	2.54
2004	7	16	0	0	0	0	0	0
2004	7	17	0	0	0	0	0.508	2.54
2004	7	18	0	0	0	2.794	2.032	0
2004	7	19	0	0	0	0	0	2.54
2004	7	20	0	0	0	0	0	0
2004	7	21	0	0	0	0	0	0
2004	7	22	0	0	0	0	0	0
2004	7	23	0	0	0	0	0	0
2004	7	24	0	0	0	0	0	0
2004	7	25	0	0	0	0	0	0
2004	7	26	0	0	0	0	0	0
2004	7	27	0	0	0	0	0	0
2004	7	28	0	0	0	0	0	0
2004	7	29	0	0	0	0	0	0
2004	7	30	0	0	0	0	0	0
2004	7	31	0	0	0	0	0	0
2004	8	1	0	0	0	0	0	0
2004	8	2	0	0	0	0.254	0	0
2004	8	3	0	0	0	0	0	0
2004	8	4	0	0	0	0	0	0
2004	8	5	0	0	0	0	10.668	0
2004	8	6	0	0	0	6.096	25.146	5.08
2004	8	7	0	0	0	0.254	0	7.62
2004	8	8	0	0	0	0	0	0
2004	8	9	0	0	0	0	0	0
2004	8	10	0	0	0	0	0	0
2004	8	11	0	0	0	0	0	0
2004	8	12	0	0	0	0	0	0
2004	8	13	0	0	0	0	0	0
2004	8	14	0	0	0	0	0	0
2004	8	15	0	0	0	0	0	2.54
2004	8	16	0	0	0	0	0	0
2004	8	17	0	0	0	1.016	0	25.4
2004	8	18	0	0	0	0.254	0	2.54
2004	8	19	0	0	0	3.302	0	2.54
2004	8	20	0	0	0	0	0	2.54
2004	8	21	0	0	0	0	0.254	0
2004	8	22	0	0	0	8.128	2.032	0
2004	8	23	0	0	0	6.858	0	15.24
2004	8	24	0	0	0	13.462	12.7	5.08
2004	8	25	0	0	0	15.24	0.254	2.54
2004	8	26	0	0	0	2.794	7.366	7.62
2004	8	27	0	0	0	5.334	0	0
2004	8	28	0	0	0	0	0	2.54
2004	8	29	0	0	0	0.254	0	2.54
2004	8	30	0	0	0	0	0	0
2004	8	31	0	0	0	5.334	0	0
2004	9	1	0	0	0	3.048	0.254	0
2004	9	2	0	0	0	0	0	0
2004	9	3	0	0	0	0	0	2.54
2004	9	4	0	0	0	1.778	0	0
2004	9	5	0	0	0	0	0	0
2004	9	6	0	0	0	0	0	0
2004	9	7	0	0	0	0	0	0
2004	9	8	0	0	0	0	0	0
2004	9	9	0	0	0	0	0	0
2004	9	10	0	0	0	4.572	4.064	2.54
2004	9	11	0	0	0	0.254	0	2.54
2004	9	12	0	0	0	2.286	1.778	0
2004	9	13	0	0	0	6.858	0.254	2.54
2004	9	14	0	0	0	3.048	3.556	10.16
2004	9	15	0	0	0	1.778	0.254	5.08
2004	9	16	0	0	0	0	0	2.54
2004	9	17	0	0	0	8.382	3.556	2.54
2004	9	18	0	0	0	0	0	2.54
2004	9	19	0	0	0	1.27	3.556	10.16
2004	9	20	0	0	0	6.858	0	7.62
2004	9	21	0	0	0	0	0	2.54
2004	9	22	0	0	0	0	0.254	0
2004	9	23	0	0	0	0	0	0
2004	9	24	0	0	0	0	0	0
2004	9	25	0	0	0	0	0	0
2004	9	26	0	0	0	0	0	0
2004	9	27	0	0	0	0	0	0
2004	9	28	0	0	0	0	0	0
2004	9	29	0	0	0	3.048	0	0
2004	9	30	0	0	0	0	0	0
2004	10	1	0	0	0	0	0	0
2004	10	2	0	0	0	0	0	2.54
2004	10	3	0	0	0	0	0	0
2004	10	4	0	0	0	0	0	2.54
2004	10	5	0	0	0	0.254	0	0
2004	10	6	0	0	0	1.016	0	2.54
2004	10	7	0	0	0	1.778	0	2.54
2004	10	8	0	0	0	0	0.508	0
2004	10	9	0	0	0	0.254	3.556	0
2004	10	10	0	0	0	0	0	0
2004	10	11	0	0	0	0	0	2.54
2004	10	12	0	0	0	0	0	0
2004	10	13	0	0	0	0	0	0
2004	10	14	0	0	0	0.508	0	5.08
2004	10	15	0	0	0	1.016	0	10.16
2004	10	16	0	0	0	13.462	1.778	25.4
2004	10	17	0	0	0	5.588	12.192	2.54
2004	10	18	0	0	0	2.54	0	15.24
2004	10	19	0	0	0	0	0	0
2004	10	20	0	0	0	3.302	0.508	7.62
2004	10	21	0	0	0	4.572	0.762	12.7
2004	10	22	0	0	0	2.286	7.366	2.54
2004	10	23	0	0	0	0	0	12.7
2004	10	24	0	0	0	0.254	0	10.16
2004	10	25	0	0	0	0	0	0
2004	10	26	0	0	0	0	0	0
2004	10	27	0	0	0	0	0	0
2004	10	28	0	0	0	0.254	0	0
2004	10	29	0	0	0	0.508	0.254	0
2004	10	30	0	0	0	0.254	0	10.16
2004	10	31	0	0	0	0	0.508	10.16
2004	11	1	0	0	0	1.27	0	2.54
2004	11	2	0	0	0	0.762	8.382	7.62
2004	11	3	0	0	0	0	0	0
2004	11	4	0	0	0	0	0	0
2004	11	5	0	0	0	0	0	2.54
2004	11	6	0	0	0	0	0	0
2004	11	7	0	0	0	0	0	0
2004	11	8	0	0	0	0	0	0
2004	11	9	0	0	0	0	0	0
2004	11	10	0	0	0	0	0	0
2004	11	11	0	0	0	0	0	0
2004	11	12	0	0	0	0	0.254	0
2004	11	13	0	0	0	0	0	0
2004	11	14	0	0	0	0	0	0
2004	11	15	0	0	0	0	6.604	2.54
2004	11	16	0	0	0	0	0	0
2004	11	17	0	0	0	0	4.064	0
2004	11	18	0	0	0	0.254	0	2.54
2004	11	19	0	0	0	0	0	7.62
2004	11	20	0	0	0	0	0	0
2004	11	21	0	0	0	0.508	0	2.54
2004	11	22	0	0	0	0	0	2.54
2004	11	23	0	0	0	3.302	6.35	2.54
2004	11	24	0	0	0	7.112	0.254	10.16
2004	11	25	0	0	0	2.54	0	5.08
2004	11	26	0	0	0	0	0.254	7.62
2004	11	27	0	0	0	0.254	0	0
2004	11	28	0	0	0	0	0	0
2004	11	29	0	0	0	0.508	0.508	0
2004	11	30	0	0	0	0	2.032	2.54
2004	12	1	0	0	0	0	0	2.54
2004	12	2	0	0	0	0	0	2.54
2004	12	3	0	0	0	1.27	0	2.54
2004	12	4	0	0	0	0	1.016	0
2004	12	5	0	0	0	0	1.27	0
2004	12	6	0	0	0	4.318	2.54	5.08
2004	12	7	0	0	0	1.778	8.636	5.08
2004	12	8	0	0	0	0.508	6.604	15.24
2004	12	9	0	0	0	5.588	9.144	7.62
2004	12	10	0	0	0	5.334	0.254	15.24
2004	12	11	0	0	0	0	0	12.7
2004	12	12	0	0	0	0	0	0
2004	12	13	0	0	0	0	1.524	5.08
2004	12	14	0	0	0	0	0.508	0
2004	12	15	0	0	0	0	0	2.54
2004	12	16	0	0	0	0	0.254	0
2004	12	17	0	0	0	1.27	0	2.54
2004	12	18	0	0	0	0	0	2.54
2004	12	19	0	0	0	0	0	5.08
2004	12	20	0	0	0	2.032	0	2.54
2004	12	21	0	0	0	0	0	2.54
2004	12	22	0	0	0	0	0	0
2004	12	23	0	0	0	0.254	0	5.08
2004	12	24	0	0	0	0.762	0.254	5.08
2004	12	25	0	0	0	2.794	0	0
2004	12	26	0	0	0	0	0	0
2004	12	27	0	0	0	0	0	2.54
2004	12	28	0	0	0	0	0.254	0
2004	12	29	0	0	0	2.286	3.556	5.08
2004	12	30	0	0	0	2.54	0.254	0
2004	12	31	0	0	0	0	0	0
2005	1	1	0	0	0	0	0.762	5.08
2005	1	2	0	0	0	0	0.254	5.08
2005	1	3	0	0	0	0	0	0
2005	1	4	0	0	0	0	0	0
2005	1	5	0	0	0	0.254	0.254	0
2005	1	6	0	0	0	0.762	5.588	2.54
2005	1	7	0	0	0	0.254	3.81	0
2005	1	8	0	0	0	0.254	0.254	5.08
2005	1	9	0	0	0	0.508	2.286	7.62
2005	1	10	0	0	0	0.254	0.508	5.08
2005	1	11	0	0	0	2.54	0	0
2005	1	12	0	0	0	1.524	0	12.7
2005	1	13	0	0	0	0	0	5.08
2005	1	14	0	0	0	0	0	0
2005	1	15	0	0	0	1.524	5.08	2.54
2005	1	16	0	0	0	1.778	1.778	5.08
2005	1	17	0	0	0	10.668	6.604	7.62
2005	1	18	0	0	0	2.032	1.27	12.7
2005	1	19	0	0	0	0	0	0
2005	1	20	0	0	0	0	0	0
2005	1	21	0	0	0	0	0	2.54
2005	1	22	0	0	0	0	0.254	0
2005	1	23	0	0	0	0	0	0
2005	1	24	0	0	0	0	0	0
2005	1	25	0	0	0	0	0	0
2005	1	26	0	0	0	0	1.016	0
2005	1	27	0	0	0	0	1.016	0
2005	1	28	0	0	0	0.254	0.254	0
2005	1	29	0	0	0	0	0	0
2005	1	30	0	0	0	0	0	0
2005	1	31	0	0	0	0	0	2.54
2005	2	1	0	0	0	0	0	0
2005	2	2	0	0	0	0	0	0
2005	2	3	0	0	0	0	0	0
2005	2	4	0	0	0	0	0	5.08
2005	2	5	0	0	0	0	0	10.16
2005	2	6	0	0	0	0	0	0
2005	2	7	0	0	0	0	0	2.54
2005	2	8	0	0	0	0	0	2.54
2005	2	9	0	0	0	0	0	0
2005	2	10	0	0	0	0	0	2.54
2005	2	11	0	0	0	0	0	0
2005	2	12	0	0	0	0	0.254	0
2005	2	13	0	0	0	0.762	0	5.08
2005	2	14	0	0	0	0	0	7.62
2005	2	15	0	0	0	0	0	2.54
2005	2	16	0	0	0	0	0	0
2005	2	17	0	0	0	0	0	0
2005	2	18	0	0	0	0	0	0
2005	2	19	0	0	0	0	0	0
2005	2	20	0	0	0	0	0	0
2005	2	21	0	0	0	0	0	0
2005	2	22	0	0	0	0	0	0
2005	2	23	0	0	0	0	0	2.54
2005	2	24	0	0	0	0	0	0
2005	2	25	0	0	0	0	0	0
2005	2	26	0	0	0	0	0	0
2005	2	27	0	0	0	0	0.762	0
2005	2	28	0	0	0	0	0	2.54
2005	3	1	0	0	0	0	0	0
2005	3	2	0	0	0	0	0	0
2005	3	3	0	0	0	0	0	0
2005	3	4	0	0	0	0	0	0
2005	3	5	0	0	0	0	0	0
2005	3	6	0	0	0	0.254	0	0
2005	3	7	0	0	0	0	0	2.54
2005	3	8	0	0	0	0	0	0
2005	3	9	0	0	0	0	0	0
2005	3	10	0	0	0	0	0	0
2005	3	11	0	0	0	0.508	0	10.16
2005	3	12	0	0	0	0	0	15.24
2005	3	13	0	0	0	0	0	10.16
2005	3	14	0	0	0	0	0	5.08
2005	3	15	0	0	0	0	0	5.08
2005	3	16	0	0	0	10.922	5.588	2.54
2005	3	17	0	0	0	3.302	0	10.16
2005	3	18	0	0	0	0	0.254	5.08
2005	3	19	0	0	0	0.508	5.588	7.62
2005	3	20	0	0	0	1.778	1.524	2.54
2005	3	21	0	0	0	0	0	0
2005	3	22	0	0	0	0	0.508	10.16
2005	3	23	0	0	0	0	0	7.62
2005	3	24	0	0	0	0	0	2.54
2005	3	25	0	0	0	0	5.334	0
2005	3	26	0	0	0	2.794	16.764	2.54
2005	3	27	0	0	0	6.604	17.272	15.24
2005	3	28	0	0	0	0.508	0.254	5.08
2005	3	29	0	0	0	1.524	3.81	2.54
2005	3	30	0	0	0	0	0	7.62
2005	3	31	0	0	0	0	2.286	0
2005	4	1	0	0	0	0	0	10.16
2005	4	2	0	0	0	0	0.508	0
2005	4	3	0	0	0	1.016	8.382	5.08
2005	4	4	0	0	0	0	2.54	0
2005	4	5	0	0	0	0	0	0
2005	4	6	0	0	0	0	0.254	0
2005	4	7	0	0	0	6.35	0.762	0
2005	4	8	0	0	0	0	0	0
2005	4	9	0	0	0	0	0	0
2005	4	10	0	0	0	0	1.016	0
2005	4	11	0	0	0	0.254	0.508	0
2005	4	12	0	0	0	3.048	0.762	2.54
2005	4	13	0	0	0	8.382	0.254	15.24
2005	4	14	0	0	0	2.54	0	20.32
2005	4	15	0	0	0	0	1.27	5.08
2005	4	16	0	0	0	0.762	0.254	0
2005	4	17	0	0	0	1.778	1.27	0
2005	4	18	0	0	0	0	0	17.78
2005	4	19	0	0	0	0	0	15.24
2005	4	20	0	0	0	0	0	7.62
2005	4	21	0	0	0	0	0	7.62
2005	4	22	0	0	0	0	0	0
2005	4	23	0	0	0	0	0.762	0
2005	4	24	0	0	0	0	0	0
2005	4	25	0	0	0	0	0	0
2005	4	26	0	0	0	0	0	2.54
2005	4	27	0	0	0	0	0	7.62
2005	4	28	0	0	0	0	0	5.08
2005	4	29	0	0	0	0	0	0
2005	4	30	0	0	0	0	0	0
2005	5	1	0	0	0	0	0	2.54
2005	5	2	0	0	0	1.524	2.794	0
2005	5	3	0	0	0	0.762	2.286	2.54
2005	5	4	0	0	0	0	0.508	0
2005	5	5	0	0	0	1.27	1.778	0
2005	5	6	0	0	0	1.778	3.302	2.54
2005	5	7	0	0	0	2.54	0	7.62
2005	5	8	0	0	0	0	3.302	2.54
2005	5	9	0	0	0	0	21.844	7.62
2005	5	10	0	0	0	0	2.032	20.32
2005	5	11	0	0	0	0	0	2.54
2005	5	12	0	0	0	0	0	0
2005	5	13	0	0	0	0.254	2.794	0
2005	5	14	0	0	0	0.254	4.826	2.54
2005	5	15	0	0	0	1.524	4.826	0
2005	5	16	0	0	0	5.842	0	12.7
2005	5	17	0	0	0	0	0	0
2005	5	18	0	0	0	3.556	12.954	5.08
2005	5	19	0	0	0	2.54	3.048	0
2005	5	20	0	0	0	2.794	12.446	2.54
2005	5	21	0	0	0	3.81	11.43	5.08
2005	5	22	0	0	0	1.524	0	0
2005	5	23	0	0	0	0	0.508	0
2005	5	24	0	0	0	0.254	0	0
2005	5	25	0	0	0	0	0	0
2005	5	26	0	0	0	0	0	0
2005	5	27	0	0	0	0	0	0
2005	5	28	0	0	0	0	0	0
2005	5	29	0	0	0	0	0	0
2005	5	30	0	0	0	0	0	0
2005	5	31	0	0	0	7.62	5.842	5.08
2005	6	1	0	0	0	25.4	0.762	40.64
2005	6	2	0	0	0	11.684	1.016	48.26
2005	6	3	0	0	0	11.938	0	20.32
2005	6	4	0	0	0	0	7.112	0
2005	6	5	0	0	0	0	0	10.16
2005	6	6	0	0	0	5.08	0.762	2.54
2005	6	7	0	0	0	11.684	0	12.7
2005	6	8	0	0	0	2.032	0	0
2005	6	9	0	0	0	3.556	0	7.62
2005	6	10	0	0	0	3.048	0	0
2005	6	11	0	0	0	8.636	0	0
2005	6	12	0	0	0	2.54	0	15.24
2005	6	13	0	0	0	0	2.54	0
2005	6	14	0	0	0	0.254	0	2.54
2005	6	15	0	0	0	0	0	0
2005	6	16	0	0	0	9.652	0.254	10.16
2005	6	17	0	0	0	2.794	0.762	2.54
2005	6	18	0	0	0	0.508	0	0
2005	6	19	0	0	0	0	0	0
2005	6	20	0	0	0	0	0	0
2005	6	21	0	0	0	0	0	0
2005	6	22	0	0	0	0.254	0	0
2005	6	23	0	0	0	0	0	0
2005	6	24	0	0	0	0	0	0
2005	6	25	0	0	0	0	0	0
2005	6	26	0	0	0	2.54	0.508	7.62
2005	6	27	0	0	0	9.144	7.366	10.16
2005	6	28	0	0	0	28.194	8.382	5.08
2005	6	29	0	0	0	0	0	2.54
2005	6	30	0	0	0	0	0	0
2005	7	1	0	0	0	0	0	0
2005	7	2	0	0	0	0	0	0
2005	7	3	0	0	0	0	0	0
2005	7	4	0	0	0	0	0	0
2005	7	5	0	0	0	0	0	2.54
2005	7	6	0	0	0	0	0	0
2005	7	7	0	0	0	0	0	0
2005	7	8	0	0	0	3.556	13.716	0
2005	7	9	0	0	0	0	8.89	0
2005	7	10	0	0	0	2.286	0.508	2.54
2005	7	11	0	0	0	0	0	0
2005	7	12	0	0	0	0	0	0
2005	7	13	0	0	0	0	0	0
2005	7	14	0	0	0	0	0	0
2005	7	15	0	0	0	1.016	4.064	0
2005	7	16	0	0	0	0.508	0	0
2005	7	17	0	0	0	0	0	0
2005	7	18	0	0	0	0	0	0
2005	7	19	0	0	0	0	0	0
2005	7	20	0	0	0	0	0	0
2005	7	21	0	0	0	0.254	0.254	0
2005	7	22	0	0	0	0	0	0
2005	7	23	0	0	0	0	0	0
2005	7	24	0	0	0	0	0	0
2005	7	25	0	0	0	0	0	0
2005	7	26	0	0	0	0	0	2.54
2005	7	27	0	0	0	0	0	0
2005	7	28	0	0	0	0	0	0
2005	7	29	0	0	0	0	0	2.54
2005	7	30	0	0	0	0	0	0
2005	7	31	0	0	0	0.254	0	0
2005	8	1	0	0	0	0.254	0	0
2005	8	2	0	0	0	0	0	0
2005	8	3	0	0	0	0	0	0
2005	8	4	0	0	0	0	0	0
2005	8	5	0	0	0	0	0	0
2005	8	6	0	0	0	0	0	0
2005	8	7	0	0	0	0	0	0
2005	8	8	0	0	0	0	0	0
2005	8	9	0	0	0	1.016	0	0
2005	8	10	0	0	0	0.254	0	0
2005	8	11	0	0	0	0.254	0	2.54
2005	8	12	0	0	0	3.556	0.254	17.78
2005	8	13	0	0	0	0	0	2.54
2005	8	14	0	0	0	0	0	0
2005	8	15	0	0	0	0	0	2.54
2005	8	16	0	0	0	0.508	11.176	0
2005	8	17	0	0	0	1.524	0.254	7.62
2005	8	18	0	0	0	0.254	0	2.54
2005	8	19	0	0	0	0	0	0
2005	8	20	0	0	0	0	0	0
2005	8	21	0	0	0	0	0	0
2005	8	22	0	0	0	0	0	0
2005	8	23	0	0	0	0	0	0
2005	8	24	0	0	0	0.508	0	5.08
2005	8	25	0	0	0	0	0	0
2005	8	26	0	0	0	0	0	2.54
2005	8	27	0	0	0	0	0	0
2005	8	28	0	0	0	0	0	0
2005	8	29	0	0	0	0	0	0
2005	8	30	0	0	0	0	0	0
2005	8	31	0	0	0	0	0	0
2005	9	1	0	0	0	0	0	0
2005	9	2	0	0	0	0	0	0
2005	9	3	0	0	0	0	0	0
2005	9	4	0	0	0	0	0	0
2005	9	5	0	0	0	0	0	0
2005	9	6	0	0	0	0	0	0
2005	9	7	0	0	0	0	0	0
2005	9	8	0	0	0	1.016	0	0
2005	9	9	0	0	0	13.97	0	2.54
2005	9	10	0	0	0	28.448	0.508	22.86
2005	9	11	0	0	0	7.366	2.032	12.7
2005	9	12	0	0	0	6.858	0	5.08
2005	9	13	0	0	0	0.762	0	2.54
2005	9	14	0	0	0	0	0	0
2005	9	15	0	0	0	0	0	0
2005	9	16	0	0	0	1.27	0	2.54
2005	9	17	0	0	0	0	0	0
2005	9	18	0	0	0	0.254	0	0
2005	9	19	0	0	0	0	0	0
2005	9	20	0	0	0	0	0	0
2005	9	21	0	0	0	0	0	0
2005	9	22	0	0	0	0	0	0
2005	9	23	0	0	0	0	0	2.54
2005	9	24	0	0	0	0	0	0
2005	9	25	0	0	0	0	0	2.54
2005	9	26	0	0	0	0	0	2.54
2005	9	27	0	0	0	0	0	0
2005	9	28	0	0	0	0.508	3.048	0
2005	9	29	0	0	0	2.032	8.636	33.02
2005	9	30	0	0	0	14.224	12.954	0
2005	10	1	0	0	0	0.254	0	10.16
2005	10	2	0	0	0	0.254	0	2.54
2005	10	3	0	0	0	0	0.508	5.08
2005	10	4	0	0	0	0	0.254	7.62
2005	10	5	0	0	0	0	0	0
2005	10	6	0	0	0	0.254	1.778	2.54
2005	10	7	0	0	0	2.286	0	2.54
2005	10	8	0	0	0	0	0	0
2005	10	9	0	0	0	0	0	0
2005	10	10	0	0	0	0	0	0
2005	10	11	0	0	0	0	0	0
2005	10	12	0	0	0	0.254	2.032	2.54
2005	10	13	0	0	0	0	0	0
2005	10	14	0	0	0	0	0	0
2005	10	15	0	0	0	0	0	0
2005	10	16	0	0	0	0	0	5.08
2005	10	17	0	0	0	0	0	0
2005	10	18	0	0	0	0	1.016	0
2005	10	19	0	0	0	2.794	0.508	0
2005	10	20	0	0	0	0.762	0	7.62
2005	10	21	0	0	0	0	0	0
2005	10	22	0	0	0	0	0	0
2005	10	23	0	0	0	0	0	0
2005	10	24	0	0	0	0	0	0
2005	10	25	0	0	0	0	1.016	0
2005	10	26	0	0	0	5.588	2.032	0
2005	10	27	0	0	0	4.318	0	10.16
2005	10	28	0	0	0	1.016	4.572	2.54
2005	10	29	0	0	0	1.778	0	0
2005	10	30	0	0	0	0	1.524	2.54
2005	10	31	0	0	0	3.048	5.842	10.16
2005	11	1	0	0	0	0	7.62	15.24
2005	11	2	0	0	0	0	0	2.54
2005	11	3	0	0	0	0.508	9.144	2.54
2005	11	4	0	0	0	1.016	4.064	10.16
2005	11	5	0	0	0	1.524	4.318	7.62
2005	11	6	0	0	0	0	0	12.7
2005	11	7	0	0	0	0.762	4.064	5.08
2005	11	8	0	0	0	0	0	5.08
2005	11	9	0	0	0	0	0	5.08
2005	11	10	0	0	0	0	0	0
2005	11	11	0	0	0	0.508	3.048	0
2005	11	12	0	0	0	0	0	7.62
2005	11	13	0	0	0	0.254	3.556	10.16
2005	11	14	0	0	0	1.524	0	7.62
2005	11	15	0	0	0	0.254	0.254	5.08
2005	11	16	0	0	0	1.016	0	5.08
2005	11	17	0	0	0	0	0	0
2005	11	18	0	0	0	0	0	0
2005	11	19	0	0	0	0	0	0
2005	11	20	0	0	0	0	0	0
2005	11	21	0	0	0	0	0	0
2005	11	22	0	0	0	0	0	0
2005	11	23	0	0	0	0	0	0
2005	11	24	0	0	0	0	0.254	0
2005	11	25	0	0	0	0.254	4.572	2.54
2005	11	26	0	0	0	2.54	0	7.62
2005	11	27	0	0	0	3.81	0.254	12.7
2005	11	28	0	0	0	0	1.016	0
2005	11	29	0	0	0	1.524	8.382	2.54
2005	11	30	0	0	0	3.556	0.762	7.62
2005	12	1	0	0	0	0	5.08	2.54
2005	12	2	0	0	0	0.254	0.254	17.78
2005	12	3	0	0	0	0	0.254	0
2005	12	4	0	0	0	2.286	0	2.54
2005	12	5	0	0	0	2.794	0	12.7
2005	12	6	0	0	0	0	0	2.54
2005	12	7	0	0	0	0	0	2.54
2005	12	8	0	0	0	0	0	5.08
2005	12	9	0	0	0	0	0	0
2005	12	10	0	0	0	0	0	0
2005	12	11	0	0	0	0	0	2.54
2005	12	12	0	0	0	0.254	0.254	2.54
2005	12	13	0	0	0	3.048	0	2.54
2005	12	14	0	0	0	0	0	0
2005	12	15	0	0	0	0	0	0
2005	12	16	0	0	0	0	0	0
2005	12	17	0	0	0	0	0	0
2005	12	18	0	0	0	0	0	0
2005	12	19	0	0	0	1.27	0	7.62
2005	12	20	0	0	0	0	0.254	5.08
2005	12	21	0	0	0	2.794	11.176	2.54
2005	12	22	0	0	0	4.572	12.446	7.62
2005	12	23	0	0	0	1.27	3.556	10.16
2005	12	24	0	0	0	0.254	0	10.16
2005	12	25	0	0	0	0	2.54	0
2005	12	26	0	0	0	0.508	6.35	0
2005	12	27	0	0	0	4.064	12.7	5.08
2005	12	28	0	0	0	9.144	0	5.08
2005	12	29	0	0	0	0	1.016	0
2005	12	30	0	0	0	7.874	11.43	2.54
2005	12	31	0	0	0	10.16	9.144	5.08
2006	1	1	0	0	0	1.016	1.016	5.08
2006	1	2	0	0	0	3.302	3.556	0
2006	1	3	0	0	0	0.508	4.826	2.54
2006	1	4	0	0	0	0	0	7.62
2006	1	5	0	0	0	1.016	0.254	5.08
2006	1	6	0	0	0	5.588	6.858	5.08
2006	1	7	0	0	0	7.366	9.398	5.08
2006	1	8	0	0	0	0.254	0	0
2006	1	9	0	0	0	5.588	20.828	5.08
2006	1	10	0	0	0	7.366	15.748	27.94
2006	1	11	0	0	0	0.254	0	20.32
2006	1	12	0	0	0	1.524	4.826	10.16
2006	1	13	0	0	0	3.81	7.62	25.4
2006	1	14	0	0	0	7.366	7.874	10.16
2006	1	15	0	0	0	0	0	7.62
2006	1	16	0	0	0	2.032	6.35	0
2006	1	17	0	0	0	2.54	8.128	10.16
2006	1	18	0	0	0	0	0	0
2006	1	19	0	0	0	0.254	0.254	5.08
2006	1	20	0	0	0	1.016	2.54	17.78
2006	1	21	0	0	0	0	0	5.08
2006	1	22	0	0	0	0	0	5.08
2006	1	23	0	0	0	0	0	5.08
2006	1	24	0	0	0	0	0	0
2006	1	25	0	0	0	0	0.254	0
2006	1	26	0	0	0	0	1.778	2.54
2006	1	27	0	0	0	0	0	7.62
2006	1	28	0	0	0	0.508	0	10.16
2006	1	29	0	0	0	0	6.604	12.7
2006	1	30	0	0	0	0	0.508	22.86
2006	1	31	0	0	0	0.508	0	7.62
2006	2	1	0	0	0	0.254	2.794	15.24
2006	2	2	0	0	0	1.778	6.604	5.08
2006	2	3	0	0	0	0	0	0
2006	2	4	0	0	0	0.508	1.27	10.16
2006	2	5	0	0	0	0	0	5.08
2006	2	6	0	0	0	0	0	0
2006	2	7	0	0	0	0	0	0
2006	2	8	0	0	0	0	0	2.54
2006	2	9	0	0	0	0	0	0
2006	2	10	0	0	0	0	0	0
2006	2	11	0	0	0	0	0	2.54
2006	2	12	0	0	0	0	1.016	0
2006	2	13	0	0	0	3.556	2.032	2.54
2006	2	14	0	0	0	0	0	17.78
2006	2	15	0	0	0	0	1.524	0
2006	2	16	0	0	0	0	0	0
2006	2	17	0	0	0	0	0	0
2006	2	18	0	0	0	0	0	2.54
2006	2	19	0	0	0	0	0	2.54
2006	2	20	0	0	0	0.762	0	0
2006	2	21	0	0	0	0.254	0	7.62
2006	2	22	0	0	0	2.032	0	17.78
2006	2	23	0	0	0	5.588	0	33.02
2006	2	24	0	0	0	0	0	5.08
2006	2	25	0	0	0	0.254	0	7.62
2006	2	26	0	0	0	1.27	4.826	5.08
2006	2	27	0	0	0	7.62	7.112	2.54
2006	2	28	0	0	0	5.588	5.588	7.62
2006	3	1	0	0	0	0	0	0
2006	3	2	0	0	0	0.762	0	0
2006	3	3	0	0	0	0	0	0
2006	3	4	0	0	0	0	0	2.54
2006	3	5	0	0	0	0	0.508	2.54
2006	3	6	0	0	0	4.318	2.286	7.62
2006	3	7	0	0	0	0.508	0	0
2006	3	8	0	0	0	0	4.572	7.62
2006	3	9	0	0	0	1.016	0	2.54
2006	3	10	0	0	0	0	0.254	0
2006	3	11	0	0	0	0	0	0
2006	3	12	0	0	0	0	0	0
2006	3	13	0	0	0	0	0.762	2.54
2006	3	14	0	0	0	0	4.826	2.54
2006	3	15	0	0	0	0	0	0
2006	3	16	0	0	0	0	0.762	2.54
2006	3	17	0	0	0	1.016	3.302	5.08
2006	3	18	0	0	0	0	0	15.24
2006	3	19	0	0	0	0	0	5.08
2006	3	20	0	0	0	0	0	0
2006	3	21	0	0	0	0	0.762	0
2006	3	22	0	0	0	0	1.016	0
2006	3	23	0	0	0	0	0	0
2006	3	24	0	0	0	0.254	6.096	0
2006	3	25	0	0	0	6.604	2.032	5.08
2006	3	26	0	0	0	0	0	7.62
2006	3	27	0	0	0	0	0.254	0
2006	3	28	0	0	0	0.254	0	0
2006	3	29	0	0	0	0.508	0	10.16
2006	3	30	0	0	0	0	3.81	2.54
2006	3	31	0	0	0	0.508	0.762	2.54
2006	4	1	0	0	0	4.826	1.524	0
2006	4	2	0	0	0	0	0	5.08
2006	4	3	0	0	0	0.762	2.54	0
2006	4	4	0	0	0	10.16	1.524	20.32
2006	4	5	0	0	0	6.35	3.302	5.08
2006	4	6	0	0	0	10.16	0	30.48
2006	4	7	0	0	0	0	0	5.08
2006	4	8	0	0	0	0.254	9.144	2.54
2006	4	9	0	0	0	0	1.016	0
2006	4	10	0	0	0	2.794	2.286	0
2006	4	11	0	0	0	0	0	0
2006	4	12	0	0	0	0.762	0.254	10.16
2006	4	13	0	0	0	0.254	0	2.54
2006	4	14	0	0	0	0.254	3.048	5.08
2006	4	15	0	0	0	0.508	7.366	5.08
2006	4	16	0	0	0	0	0	2.54
2006	4	17	0	0	0	0	0.508	2.54
2006	4	18	0	0	0	0	0	0
2006	4	19	0	0	0	0	0	2.54
2006	4	20	0	0	0	0	0	0
2006	4	21	0	0	0	0.508	0	0
2006	4	22	0	0	0	2.032	0	10.16
2006	4	23	0	0	0	0	0	0
2006	4	24	0	0	0	0	0	0
2006	4	25	0	0	0	0	0	0
2006	4	26	0	0	0	0	0	0
2006	4	27	0	0	0	0	0	2.54
2006	4	28	0	0	0	0	0	0
2006	4	29	0	0	0	2.794	10.414	0
2006	4	30	0	0	0	0.508	0	0
2006	5	1	0	0	0	0	0	12.7
2006	5	2	0	0	0	0.508	0	2.54
2006	5	3	0	0	0	0	0	0
2006	5	4	0	0	0	0	0	0
2006	5	5	0	0	0	0	0	0
2006	5	6	0	0	0	0	0	0
2006	5	7	0	0	0	0.254	0.254	5.08
2006	5	8	0	0	0	0.762	0	5.08
2006	5	9	0	0	0	0	0	0
2006	5	10	0	0	0	0	0	0
2006	5	11	0	0	0	0	0	0
2006	5	12	0	0	0	0	0	0
2006	5	13	0	0	0	0	0	0
2006	5	14	0	0	0	0	0	0
2006	5	15	0	0	0	0	0	0
2006	5	16	0	0	0	0	0	0
2006	5	17	0	0	0	0	0	0
2006	5	18	0	0	0	0	3.048	0
2006	5	19	0	0	0	3.048	8.128	0
2006	5	20	0	0	0	2.032	0	2.54
2006	5	21	0	0	0	0	1.524	0
2006	5	22	0	0	0	0.254	3.81	0
2006	5	23	0	0	0	0	1.27	0
2006	5	24	0	0	0	1.016	0.508	0
2006	5	25	0	0	0	5.08	0.508	7.62
2006	5	26	0	0	0	5.08	0.254	2.54
2006	5	27	0	0	0	3.048	0.508	25.4
2006	5	28	0	0	0	12.954	7.62	15.24
2006	5	29	0	0	0	0.508	0.254	2.54
2006	5	30	0	0	0	0	0	0
2006	5	31	0	0	0	0	0	0
2006	6	1	0	0	0	0	0	0
2006	6	2	0	0	0	1.27	1.524	5.08
2006	6	3	0	0	0	0	0	0
2006	6	4	0	0	0	4.826	22.606	7.62
2006	6	5	0	0	0	0	0	0
2006	6	6	0	0	0	0	0	2.54
2006	6	7	0	0	0	6.858	5.588	0
2006	6	8	0	0	0	0.508	6.096	2.54
2006	6	9	0	0	0	10.414	6.858	17.78
2006	6	10	0	0	0	4.572	19.558	10.16
2006	6	11	0	0	0	2.032	0.254	10.16
2006	6	12	0	0	0	0	0	2.54
2006	6	13	0	0	0	10.922	8.636	0
2006	6	14	0	0	0	7.62	7.366	0
2006	6	15	0	0	0	28.956	0	15.24
2006	6	16	0	0	0	4.064	0	0
2006	6	17	0	0	0	0.254	0	0
2006	6	18	0	0	0	0	0	0
2006	6	19	0	0	0	1.016	0	5.08
2006	6	20	0	0	0	0.508	0	0
2006	6	21	0	0	0	0	0	0
2006	6	22	0	0	0	0	0	0
2006	6	23	0	0	0	0	0	0
2006	6	24	0	0	0	0	0	0
2006	6	25	0	0	0	0	0	0
2006	6	26	0	0	0	0	0	0
2006	6	27	0	0	0	0	0	0
2006	6	28	0	0	0	0	0	0
2006	6	29	0	0	0	0.254	0	2.54
2006	6	30	0	0	0	0	0	0
2006	7	1	0	0	0	12.446	0	0
2006	7	2	0	0	0	0	0	0
2006	7	3	0	0	0	0	0	2.54
2006	7	4	0	0	0	0	2.032	0
2006	7	5	0	0	0	1.016	0	10.16
2006	7	6	0	0	0	15.494	0	7.62
2006	7	7	0	0	0	0	0	0
2006	7	8	0	0	0	0	0	2.54
2006	7	9	0	0	0	0	0	0
2006	7	10	0	0	0	2.54	0	0
2006	7	11	0	0	0	0	0.254	2.54
2006	7	12	0	0	0	0	0.254	0
2006	7	13	0	0	0	0	0	0
2006	7	14	0	0	0	0	0	0
2006	7	15	0	0	0	0	0	0
2006	7	16	0	0	0	0	0	0
2006	7	17	0	0	0	0	0	0
2006	7	18	0	0	0	0	0	0
2006	7	19	0	0	0	0	0	0
2006	7	20	0	0	0	0	0	0
2006	7	21	0	0	0	0	0	0
2006	7	22	0	0	0	0	0	0
2006	7	23	0	0	0	0	0	0
2006	7	24	0	0	0	0	0	0
2006	7	25	0	0	0	0	0	0
2006	7	26	0	0	0	0	0	0
2006	7	27	0	0	0	0	0	0
2006	7	28	0	0	0	0	0	0
2006	7	29	0	0	0	0.254	0	0
2006	7	30	0	0	0	0	0	0
2006	7	31	0	0	0	0	0	0
2006	8	1	0	0	0	0	0	0
2006	8	2	0	0	0	0	0	0
2006	8	3	0	0	0	0	0	0
2006	8	4	0	0	0	0	0	0
2006	8	5	0	0	0	0	0	0
2006	8	6	0	0	0	0	0	0
2006	8	7	0	0	0	0	0	0
2006	8	8	0	0	0	0.254	0	0
2006	8	9	0	0	0	0	0	0
2006	8	10	0	0	0	0	0.254	0
2006	8	11	0	0	0	0	0	0
2006	8	12	0	0	0	0	0	0
2006	8	13	0	0	0	0	0	0
2006	8	14	0	0	0	0	0	0
2006	8	15	0	0	0	1.016	0	2.54
2006	8	16	0	0	0	0	0	20.32
2006	8	17	0	0	0	2.794	0	0
2006	8	18	0	0	0	0	0	0
2006	8	19	0	0	0	0	0	0
2006	8	20	0	0	0	0	0	2.54
2006	8	21	0	0	0	0	0	0
2006	8	22	0	0	0	0	0	0
2006	8	23	0	0	0	0	0	0
2006	8	24	0	0	0	0.254	0	0
2006	8	25	0	0	0	0	0	0
2006	8	26	0	0	0	0	0	0
2006	8	27	0	0	0	0	0	2.54
2006	8	28	0	0	0	0.254	0	0
2006	8	29	0	0	0	1.27	0	0
2006	8	30	0	0	0	0	6.096	2.54
2006	8	31	0	0	0	4.572	0	0
2006	9	1	0	0	0	0	0	0
2006	9	2	0	0	0	0	0	0
2006	9	3	0	0	0	0	0	0
2006	9	4	0	0	0	0	0	0
2006	9	5	0	0	0	0	0	0
2006	9	6	0	0	0	0	0	0
2006	9	7	0	0	0	0	0	0
2006	9	8	0	0	0	0	0	0
2006	9	9	0	0	0	0	0	0
2006	9	10	0	0	0	0	0	0
2006	9	11	0	0	0	0	0	0
2006	9	12	0	0	0	0	0	0
2006	9	13	0	0	0	4.318	0.762	0
2006	9	14	0	0	0	6.604	0	12.7
2006	9	15	0	0	0	1.016	0	10.16
2006	9	16	0	0	0	0.508	0	10.16
2006	9	17	0	0	0	0	0	0
2006	9	18	0	0	0	0.254	2.032	2.54
2006	9	19	0	0	0	12.954	0	5.08
2006	9	20	0	0	0	0.508	4.064	0
2006	9	21	0	0	0	3.81	1.27	12.7
2006	9	22	0	0	0	0	0	20.32
2006	9	23	0	0	0	0	0	2.54
2006	9	24	0	0	0	0	0	0
2006	9	25	0	0	0	0	0	2.54
2006	9	26	0	0	0	0	0	0
2006	9	27	0	0	0	0	0	0
2006	9	28	0	0	0	0	0	2.54
2006	9	29	0	0	0	0	0	0
2006	9	30	0	0	0	0	0	0
2006	10	1	0	0	0	0	0	0
2006	10	2	0	0	0	0	0	0
2006	10	3	0	0	0	0	0	0
2006	10	4	0	0	0	0	0	0
2006	10	5	0	0	0	0	0	0
2006	10	6	0	0	0	0	0	0
2006	10	7	0	0	0	0	0	0
2006	10	8	0	0	0	0	0	2.54
2006	10	9	0	0	0	0	0	0
2006	10	10	0	0	0	0	0	2.54
2006	10	11	0	0	0	0	0	0
2006	10	12	0	0	0	0	0	0
2006	10	13	0	0	0	0	0	0
2006	10	14	0	0	0	0.254	3.048	2.54
2006	10	15	0	0	0	4.318	12.954	0
2006	10	16	0	0	0	1.27	9.398	7.62
2006	10	17	0	0	0	0	0	2.54
2006	10	18	0	0	0	2.032	1.016	5.08
2006	10	19	0	0	0	7.366	0.508	7.62
2006	10	20	0	0	0	1.016	0	20.32
2006	10	21	0	0	0	0.254	0	2.54
2006	10	22	0	0	0	0	0	2.54
2006	10	23	0	0	0	0	0	0
2006	10	24	0	0	0	0	0	0
2006	10	25	0	0	0	0	0	0
2006	10	26	0	0	0	0	0	2.54
2006	10	27	0	0	0	0	0	0
2006	10	28	0	0	0	0	0	2.54
2006	10	29	0	0	0	1.27	0.254	12.7
2006	10	30	0	0	0	0	0	2.54
2006	10	31	0	0	0	0	0	0
2006	11	1	0	0	0	0	0	2.54
2006	11	2	0	0	0	1.778	6.858	7.62
2006	11	3	0	0	0	0.254	0.762	7.62
2006	11	4	0	0	0	0.762	8.636	7.62
2006	11	5	0	0	0	3.81	6.604	5.08
2006	11	6	0	0	0	8.89	5.588	27.94
2006	11	7	0	0	0	0.508	4.826	53.34
2006	11	8	0	0	0	0	0	0
2006	11	9	0	0	0	0.254	0	2.54
2006	11	10	0	0	0	0.508	13.97	5.08
2006	11	11	0	0	0	0.762	0	22.86
2006	11	12	0	0	0	0	9.144	12.7
2006	11	13	0	0	0	1.016	0	20.32
2006	11	14	0	0	0	0	0	5.08
2006	11	15	0	0	0	2.286	1.524	12.7
2006	11	16	0	0	0	2.032	0	2.54
2006	11	17	0	0	0	0	0	0
2006	11	18	0	0	0	0	0	0
2006	11	19	0	0	0	0.254	8.89	7.62
2006	11	20	0	0	0	2.032	2.032	5.08
2006	11	21	0	0	0	1.27	0.508	17.78
2006	11	22	0	0	0	0.508	18.288	5.08
2006	11	23	0	0	0	5.08	6.096	12.7
2006	11	24	0	0	0	0.508	0	22.86
2006	11	25	0	0	0	0.762	0	10.16
2006	11	26	0	0	0	3.048	9.906	0
2006	11	27	0	0	0	0.254	0	0
2006	11	28	0	0	0	0	0	2.54
2006	11	29	0	0	0	2.54	2.286	2.54
2006	11	30	0	0	0	0.254	0	12.7
2006	12	1	0	0	0	0	0	2.54
2006	12	2	0	0	0	0	0	0
2006	12	3	0	0	0	0	0	2.54
2006	12	4	0	0	0	0	0	7.62
2006	12	5	0	0	0	0	0	0
2006	12	6	0	0	0	0	0	2.54
2006	12	7	0	0	0	0	0	7.62
2006	12	8	0	0	0	0	0	0
2006	12	9	0	0	0	0	2.286	0
2006	12	10	0	0	0	0	1.524	0
2006	12	11	0	0	0	0.508	3.81	2.54
2006	12	12	0	0	0	0.254	8.128	5.08
2006	12	13	0	0	0	6.604	5.08	20.32
2006	12	14	0	0	0	8.89	10.414	15.24
2006	12	15	0	0	0	0	0	12.7
2006	12	16	0	0	0	0	0	2.54
2006	12	17	0	0	0	0	0	0
2006	12	18	0	0	0	0	0	0
2006	12	19	0	0	0	0	0	2.54
2006	12	20	0	0	0	0.254	2.032	2.54
2006	12	21	0	0	0	0	0.254	0
2006	12	22	0	0	0	0.254	3.556	0
2006	12	23	0	0	0	1.016	0	10.16
2006	12	24	0	0	0	0	2.54	2.54
2006	12	25	0	0	0	1.524	6.604	10.16
2006	12	26	0	0	0	5.588	10.16	5.08
2006	12	27	0	0	0	7.874	2.794	2.54
2006	12	28	0	0	0	0	0	0
2006	12	29	0	0	0	0	0	0
2006	12	30	0	0	0	0.254	0	0
2006	12	31	0	0	0	0	0	0
2007	1	1	0	0	0	1.27	0	2.54
2007	1	2	0	0	0	2.032	2.54	15.24
2007	1	3	0	0	0	2.032	2.286	33.02
2007	1	4	0	0	0	0	0	10.16
2007	1	5	0	0	0	0.254	0.254	10.16
2007	1	6	0	0	0	0.254	0	17.78
2007	1	7	0	0	0	1.27	0.762	12.7
2007	1	8	0	0	0	0	0	0
2007	1	9	0	0	0	0	0	0
2007	1	10	0	0	0	0	2.286	0
2007	1	11	0	0	0	0	0	0
2007	1	12	0	0	0	0	0	0
2007	1	13	0	0	0	0.508	0.254	0
2007	1	14	0	0	0	0	0	0
2007	1	15	0	0	0	0.254	0	0
2007	1	16	0	0	0	0	0.254	5.08
2007	1	17	0	0	0	0.254	0	0
2007	1	18	0	0	0	1.524	2.286	2.54
2007	1	19	0	0	0	2.032	1.524	2.54
2007	1	20	0	0	0	0.508	2.032	12.7
2007	1	21	0	0	0	0	0	0
2007	1	22	0	0	0	4.318	0	5.08
2007	1	23	0	0	0	0.508	1.016	10.16
2007	1	24	0	0	0	0	0	0
2007	1	25	0	0	0	0	0	0
2007	1	26	0	0	0	0	0	0
2007	1	27	0	0	0	0	0	0
2007	1	28	0	0	0	0	0.254	0
2007	1	29	0	0	0	0	1.016	0
2007	1	30	0	0	0	0	0	10.16
2007	1	31	0	0	0	2.032	0	12.7
2007	2	1	0	0	0	0.254	0	10.16
2007	2	2	0	0	0	0	0	0
2007	2	3	0	0	0	0.254	3.048	0
2007	2	4	0	0	0	6.604	0.762	0
2007	2	5	0	0	0	0	0	2.54
2007	2	6	0	0	0	1.27	0	5.08
2007	2	7	0	0	0	0	0.254	0
2007	2	8	0	0	0	3.81	0.762	0
2007	2	9	0	0	0	0	2.794	2.54
2007	2	10	0	0	0	1.27	0.762	0
2007	2	11	0	0	0	4.064	6.604	5.08
2007	2	12	0	0	0	0	0	5.08
2007	2	13	0	0	0	0.254	0	5.08
2007	2	14	0	0	0	0.762	7.874	2.54
2007	2	15	0	0	0	2.54	2.286	12.7
2007	2	16	0	0	0	0	0	0
2007	2	17	0	0	0	0	0	0
2007	2	18	0	0	0	0.508	1.778	15.24
2007	2	19	0	0	0	0.254	0	12.7
2007	2	20	0	0	0	1.524	0	20.32
2007	2	21	0	0	0	0	2.794	0
2007	2	22	0	0	0	2.032	1.016	2.54
2007	2	23	0	0	0	0	1.778	0
2007	2	24	0	0	0	0	9.906	0
2007	2	25	0	0	0	3.302	1.778	2.54
2007	2	26	0	0	0	0.254	0.762	10.16
2007	2	27	0	0	0	2.032	2.032	0
2007	2	28	0	0	0	1.524	1.016	0
2007	3	1	0	0	0	0.254	0	0
2007	3	2	0	0	0	0	0.254	0
2007	3	3	0	0	0	0	0.254	0
2007	3	4	0	0	0	0	0	7.62
2007	3	5	0	0	0	0	0	2.54
2007	3	6	0	0	0	0	0	0
2007	3	7	0	0	0	0.508	0.254	0
2007	3	8	0	0	0	0	0	2.54
2007	3	9	0	0	0	0	0	2.54
2007	3	10	0	0	0	0	0	2.54
2007	3	11	0	0	0	0.508	0.254	2.54
2007	3	12	0	0	0	0	0	17.78
2007	3	13	0	0	0	0	0	0
2007	3	14	0	0	0	0	0	5.08
2007	3	15	0	0	0	1.27	4.318	2.54
2007	3	16	0	0	0	2.794	0	5.08
2007	3	17	0	0	0	0.508	0	0
2007	3	18	0	0	0	0.254	0	2.54
2007	3	19	0	0	0	0.254	5.588	0
2007	3	20	0	0	0	0	0	5.08
2007	3	21	0	0	0	0	0.508	2.54
2007	3	22	0	0	0	0	1.778	0
2007	3	23	0	0	0	0	0.254	2.54
2007	3	24	0	0	0	0.762	5.334	0
2007	3	25	0	0	0	0.254	1.27	17.78
2007	3	26	0	0	0	0.254	2.54	2.54
2007	3	27	0	0	0	1.524	2.032	0
2007	3	28	0	0	0	0	0	0
2007	3	29	0	0	0	0	0	0
2007	3	30	0	0	0	0	0	2.54
2007	3	31	0	0	0	1.016	0	2.54
2007	4	1	0	0	0	0	0	5.08
2007	4	2	0	0	0	0.254	0	0
2007	4	3	0	0	0	0.762	0.254	5.08
2007	4	4	0	0	0	1.524	0.254	5.08
2007	4	5	0	0	0	0	0	0
2007	4	6	0	0	0	0	0	0
2007	4	7	0	0	0	0	0	0
2007	4	8	0	0	0	2.54	4.318	0
2007	4	9	0	0	0	0	0.254	10.16
2007	4	10	0	0	0	0	0	15.24
2007	4	11	0	0	0	0	0	17.78
2007	4	12	0	0	0	0	0	5.08
2007	4	13	0	0	0	0	4.318	2.54
2007	4	14	0	0	0	0.508	0.254	0
2007	4	15	0	0	0	1.524	0	0
2007	4	16	0	0	0	1.27	0	0
2007	4	17	0	0	0	2.794	0	7.62
2007	4	18	0	0	0	8.128	0	12.7
2007	4	19	0	0	0	2.286	0	10.16
2007	4	20	0	0	0	0	1.524	0
2007	4	21	0	0	0	0	1.27	2.54
2007	4	22	0	0	0	0	0	0
2007	4	23	0	0	0	0	0	0
2007	4	24	0	0	0	0	0	0
2007	4	25	0	0	0	0	0.254	0
2007	4	26	0	0	0	0	0	0
2007	4	27	0	0	0	0	0	0
2007	4	28	0	0	0	0	0	0
2007	4	29	0	0	0	0	0	0
2007	4	30	0	0	0	0	0	0
2007	5	1	0	0	0	0	4.318	0
2007	5	2	0	0	0	9.652	1.778	0
2007	5	3	0	0	0	9.652	0	30.48
2007	5	4	0	0	0	0	0	2.54
2007	5	5	0	0	0	0	0	0
2007	5	6	0	0	0	0	0	2.54
2007	5	7	0	0	0	0	0	0
2007	5	8	0	0	0	0	0	0
2007	5	9	0	0	0	0	0	0
2007	5	10	0	0	0	0	0	0
2007	5	11	0	0	0	0	0	0
2007	5	12	0	0	0	3.81	0	0
2007	5	13	0	0	0	2.794	0	0
2007	5	14	0	0	0	0	0	0
2007	5	15	0	0	0	0	0	0
2007	5	16	0	0	0	0	0	0
2007	5	17	0	0	0	0	0	0
2007	5	18	0	0	0	0	2.032	0
2007	5	19	0	0	0	0	0	0
2007	5	20	0	0	0	0	5.842	0
2007	5	21	0	0	0	0.508	23.114	15.24
2007	5	22	0	0	0	0	0.762	30.48
2007	5	23	0	0	0	11.684	0	2.54
2007	5	24	0	0	0	22.098	0	15.24
2007	5	25	0	0	0	0	0	15.24
2007	5	26	0	0	0	0	0	5.08
2007	5	27	0	0	0	2.54	3.302	0
2007	5	28	0	0	0	0.254	0	10.16
2007	5	29	0	0	0	0	0	2.54
2007	5	30	0	0	0	0	0	0
2007	5	31	0	0	0	0	0	0
2007	6	1	0	0	0	0	0	0
2007	6	2	0	0	0	0	0	0
2007	6	3	0	0	0	0	0	0
2007	6	4	0	0	0	0	8.636	5.08
2007	6	5	0	0	0	4.318	0	7.62
2007	6	6	0	0	0	0.254	0	25.4
2007	6	7	0	0	0	0	0	2.54
2007	6	8	0	0	0	0	0	0
2007	6	9	0	0	0	1.016	2.54	5.08
2007	6	10	0	0	0	2.54	0	0
2007	6	11	0	0	0	0	0	0
2007	6	12	0	0	0	0	0	0
2007	6	13	0	0	0	0	0	0
2007	6	14	0	0	0	0	0	0
2007	6	15	0	0	0	1.016	0	0
2007	6	16	0	0	0	0	0.254	5.08
2007	6	17	0	0	0	3.556	0	2.54
2007	6	18	0	0	0	2.54	0	2.54
2007	6	19	0	0	0	0	0	0
2007	6	20	0	0	0	0.254	0	0
2007	6	21	0	0	0	0	0	0
2007	6	22	0	0	0	0	0	0
2007	6	23	0	0	0	0	0	0
2007	6	24	0	0	0	1.016	0	0
2007	6	25	0	0	0	3.556	0	5.08
2007	6	26	0	0	0	0	0	0
2007	6	27	0	0	0	0	0	2.54
2007	6	28	0	0	0	0	3.556	0
2007	6	29	0	0	0	0	0	0
2007	6	30	0	0	0	0	0	0
2007	7	1	0	0	0	0	0.508	0
2007	7	2	0	0	0	0	0	0
2007	7	3	0	0	0	0	0	0
2007	7	4	0	0	0	0	0	0
2007	7	5	0	0	0	0	0	0
2007	7	6	0	0	0	0	0	0
2007	7	7	0	0	0	0	0	0
2007	7	8	0	0	0	0	0	0
2007	7	9	0	0	0	0	0	0
2007	7	10	0	0	0	0	0	0
2007	7	11	0	0	0	0	0	0
2007	7	12	0	0	0	0	0	0
2007	7	13	0	0	0	0	1.27	0
2007	7	14	0	0	0	0	0	0
2007	7	15	0	0	0	0	0	0
2007	7	16	0	0	0	0	0	0
2007	7	17	0	0	0	4.064	0	12.7
2007	7	18	0	0	0	0	5.588	2.54
2007	7	19	0	0	0	0	3.048	0
2007	7	20	0	0	0	0	0	0
2007	7	21	0	0	0	0	0	0
2007	7	22	0	0	0	0	0	0
2007	7	23	0	0	0	8.89	0.254	0
2007	7	24	0	0	0	0	0	0
2007	7	25	0	0	0	0	0	0
2007	7	26	0	0	0	1.524	0	0
2007	7	27	0	0	0	0	0	0
2007	7	28	0	0	0	0	0	0
2007	7	29	0	0	0	0	0	0
2007	7	30	0	0	0	0	0	0
2007	7	31	0	0	0	0	0	0
2007	8	1	0	0	0	0	0	0
2007	8	2	0	0	0	0	0	0
2007	8	3	0	0	0	0	0	0
2007	8	4	0	0	0	0	0	0
2007	8	5	0	0	0	0	0	0
2007	8	6	0	0	0	0	0	0
2007	8	7	0	0	0	0.762	0	0
2007	8	8	0	0	0	0	0	0
2007	8	9	0	0	0	0	0	0
2007	8	10	0	0	0	0	0	2.54
2007	8	11	0	0	0	0	0	2.54
2007	8	12	0	0	0	0	0	0
2007	8	13	0	0	0	0	0	0
2007	8	14	0	0	0	0	0	0
2007	8	15	0	0	0	0	0	0
2007	8	16	0	0	0	0	0	0
2007	8	17	0	0	0	0	0	0
2007	8	18	0	0	0	0	9.398	0
2007	8	19	0	0	0	0.762	0.254	0
2007	8	20	0	0	0	1.778	0.508	7.62
2007	8	21	0	0	0	0	0	5.08
2007	8	22	0	0	0	0	0	0
2007	8	23	0	0	0	0	0	5.08
2007	8	24	0	0	0	0	0	0
2007	8	25	0	0	0	0	0	0
2007	8	26	0	0	0	0	0	0
2007	8	27	0	0	0	0	0	0
2007	8	28	0	0	0	0	0	0
2007	8	29	0	0	0	0	0	0
2007	8	30	0	0	0	0	0.254	0
2007	8	31	0	0	0	3.556	4.064	0
2007	9	1	0	0	0	0.508	0	0
2007	9	2	0	0	0	0	0	0
2007	9	3	0	0	0	0	0	0
2007	9	4	0	0	0	0	0	0
2007	9	5	0	0	0	0	0	0
2007	9	6	0	0	0	0	0	0
2007	9	7	0	0	0	0.762	0	7.62
2007	9	8	0	0	0	0	0	0
2007	9	9	0	0	0	0	0	0
2007	9	10	0	0	0	0	0	0
2007	9	11	0	0	0	0	0	0
2007	9	12	0	0	0	0	0	0
2007	9	13	0	0	0	0	0	0
2007	9	14	0	0	0	0	0	2.54
2007	9	15	0	0	0	0	0	0
2007	9	16	0	0	0	0.762	0	0
2007	9	17	0	0	0	0	0	0
2007	9	18	0	0	0	7.62	0	20.32
2007	9	19	0	0	0	0	0.254	2.54
2007	9	20	0	0	0	5.08	0	10.16
2007	9	21	0	0	0	0	0	0
2007	9	22	0	0	0	0.508	0	10.16
2007	9	23	0	0	0	2.286	0	33.02
2007	9	24	0	0	0	0	0	0
2007	9	25	0	0	0	0	0	5.08
2007	9	26	0	0	0	0	0	0
2007	9	27	0	0	0	0	0.762	0
2007	9	28	0	0	0	8.636	2.286	0
2007	9	29	0	0	0	0	0	5.08
2007	9	30	0	0	0	2.032	9.144	0
2007	10	1	0	0	0	3.302	0.254	5.08
2007	10	2	0	0	0	3.048	7.366	12.7
2007	10	3	0	0	0	3.302	0.254	25.4
2007	10	4	0	0	0	1.524	6.604	0
2007	10	5	0	0	0	0.254	0	15.24
2007	10	6	0	0	0	0	0	0
2007	10	7	0	0	0	0	0	5.08
2007	10	8	0	0	0	0	0	0
2007	10	9	0	0	0	0	1.016	2.54
2007	10	10	0	0	0	0	0	5.08
2007	10	11	0	0	0	0	0	0
2007	10	12	0	0	0	0	0	0
2007	10	13	0	0	0	0	0	0
2007	10	14	0	0	0	0	0	0
2007	10	15	0	0	0	0	1.016	0
2007	10	16	0	0	0	0	0.762	0
2007	10	17	0	0	0	0.762	1.778	0
2007	10	18	0	0	0	0.762	3.048	2.54
2007	10	19	0	0	0	4.064	2.794	22.86
2007	10	20	0	0	0	0	2.032	5.08
2007	10	21	0	0	0	0.254	0.508	2.54
2007	10	22	0	0	0	2.794	0	5.08
2007	10	23	0	0	0	0	0	0
2007	10	24	0	0	0	0	0	0
2007	10	25	0	0	0	0	0	0
2007	10	26	0	0	0	0	0	0
2007	10	27	0	0	0	0	0	0
2007	10	28	0	0	0	0	0	0
2007	10	29	0	0	0	0.254	0	0
2007	10	30	0	0	0	0	0	0
2007	10	31	0	0	0	0	0	0
2007	11	1	0	0	0	0	0	0
2007	11	2	0	0	0	0	0	0
2007	11	3	0	0	0	0	0	5.08
2007	11	4	0	0	0	0	0	2.54
2007	11	5	0	0	0	0	0	2.54
2007	11	6	0	0	0	0.508	1.524	5.08
2007	11	7	0	0	0	0.254	4.064	2.54
2007	11	8	0	0	0	2.794	1.27	5.08
2007	11	9	0	0	0	0	0	0
2007	11	10	0	0	0	0.762	4.572	5.08
2007	11	11	0	0	0	0	0	0
2007	11	12	0	0	0	2.54	5.588	15.24
2007	11	13	0	0	0	0	0	0
2007	11	14	0	0	0	0.254	0.254	2.54
2007	11	15	0	0	0	0.762	3.302	5.08
2007	11	16	0	0	0	2.032	0	12.7
2007	11	17	0	0	0	4.318	8.382	15.24
2007	11	18	0	0	0	0	0	0
2007	11	19	0	0	0	0	0	2.54
2007	11	20	0	0	0	0	0	2.54
2007	11	21	0	0	0	0	0	0
2007	11	22	0	0	0	0	0	0
2007	11	23	0	0	0	0	0	2.54
2007	11	24	0	0	0	0	0	2.54
2007	11	25	0	0	0	0	0	0
2007	11	26	0	0	0	1.27	3.048	2.54
2007	11	27	0	0	0	0	0	7.62
2007	11	28	0	0	0	0	2.794	2.54
2007	11	29	0	0	0	0	0.508	0
2007	11	30	0	0	0	0	0	0
2007	12	1	0	0	0	0.254	2.794	0
2007	12	2	0	0	0	0.762	19.558	27.94
2007	12	3	0	0	0	8.382	22.606	27.94
2007	12	4	0	0	0	0.254	0	22.86
2007	12	5	0	0	0	0	0	0
2007	12	6	0	0	0	0	0	0
2007	12	7	0	0	0	0	0	0
2007	12	8	0	0	0	0	1.524	0
2007	12	9	0	0	0	3.556	4.064	0
2007	12	10	0	0	0	0.254	0	5.08
2007	12	11	0	0	0	0.254	0.762	5.08
2007	12	12	0	0	0	0	0	5.08
2007	12	13	0	0	0	0	2.54	0
2007	12	14	0	0	0	1.524	2.286	2.54
2007	12	15	0	0	0	0	0.762	10.16
2007	12	16	0	0	0	0.508	1.778	7.62
2007	12	17	0	0	0	0	1.778	7.62
2007	12	18	0	0	0	2.286	5.334	7.62
2007	12	19	0	0	0	0	10.414	17.78
2007	12	20	0	0	0	0	0.254	12.7
2007	12	21	0	0	0	0	0	0
2007	12	22	0	0	0	1.016	2.54	5.08
2007	12	23	0	0	0	2.286	9.144	5.08
2007	12	24	0	0	0	0	0	10.16
2007	12	25	0	0	0	0.508	3.302	0
2007	12	26	0	0	0	0.254	0.762	2.54
2007	12	27	0	0	0	0.762	3.556	5.08
2007	12	28	0	0	0	3.556	0	7.62
2007	12	29	0	0	0	7.112	0.508	7.62
2007	12	30	0	0	0	0.254	0	15.24
2007	12	31	0	0	0	0	0	7.62
2008	1	1	0	0	0	0	0	0
2008	1	2	0	0	0	5.08	0.762	10.16
2008	1	3	0	0	0	0	1.016	2.54
2008	1	4	0	0	0	0.254	3.048	7.62
2008	1	5	0	0	0	0.254	0	7.62
2008	1	6	0	0	0	2.032	3.81	5.08
2008	1	7	0	0	0	0.254	2.794	2.54
2008	1	8	0	0	0	4.064	14.478	2.54
2008	1	9	0	0	0	0.254	0.254	0
2008	1	10	0	0	0	1.016	2.286	10.16
2008	1	11	0	0	0	0	0	2.54
2008	1	12	0	0	0	0.254	1.524	2.54
2008	1	13	0	0	0	0	0	0
2008	1	14	0	0	0	0	1.524	5.08
2008	1	15	0	0	0	0	0	12.7
2008	1	16	0	0	0	0	0	0
2008	1	17	0	0	0	0.508	0	7.62
2008	1	18	0	0	0	0.508	0.508	0
2008	1	19	0	0	0	4.064	3.81	12.7
2008	1	20	0	0	0	0	1.27	2.54
2008	1	21	0	0	0	0	0	0
2008	1	22	0	0	0	0.254	0	2.54
2008	1	23	0	0	0	0	0	2.54
2008	1	24	0	0	0	0	0	0
2008	1	25	0	0	0	0	5.334	5.08
2008	1	26	0	0	0	1.524	19.812	17.78
2008	1	27	0	0	0	0	0	25.4
2008	1	28	0	0	0	1.016	0.254	10.16
2008	1	29	0	0	0	2.032	3.048	5.08
2008	1	30	0	0	0	0	1.016	20.32
2008	1	31	0	0	0	0.254	1.27	25.4
2008	2	1	0	0	0	1.27	0	15.24
2008	2	2	0	0	0	0.254	1.27	5.08
2008	2	3	0	0	0	0	0	0
2008	2	4	0	0	0	0	3.048	0
2008	2	5	0	0	0	0	0	7.62
2008	2	6	0	0	0	0.254	13.208	20.32
2008	2	7	0	0	0	0.762	0	25.4
2008	2	8	0	0	0	0	0	22.86
2008	2	9	0	0	0	0.254	0	17.78
2008	2	10	0	0	0	0	0	25.4
2008	2	11	0	0	0	0	0	7.62
2008	2	12	0	0	0	2.54	1.016	15.24
2008	2	13	0	0	0	1.778	0	20.32
2008	2	14	0	0	0	0	0	0
2008	2	15	0	0	0	4.572	2.794	7.62
2008	2	16	0	0	0	0	0	10.16
2008	2	17	0	0	0	0	0	0
2008	2	18	0	0	0	0	0	0
2008	2	19	0	0	0	0	0	0
2008	2	20	0	0	0	0	0	0
2008	2	21	0	0	0	0	0	0
2008	2	22	0	0	0	0	0	0
2008	2	23	0	0	0	0	0.762	0
2008	2	24	0	0	0	0	0	2.54
2008	2	25	0	0	0	0	0	0
2008	2	26	0	0	0	0	0	0
2008	2	27	0	0	0	0.254	0	0
2008	2	28	0	0	0	0	0	10.16
2008	2	29	0	0	0	0	1.016	0
2008	3	1	0	0	0	0.508	0	5.08
2008	3	2	0	0	0	0	0	0
2008	3	3	0	0	0	2.54	0	7.62
2008	3	4	0	0	0	0.508	0	10.16
2008	3	5	0	0	0	0	0	0
2008	3	6	0	0	0	0	0	0
2008	3	7	0	0	0	0	1.778	0
2008	3	8	0	0	0	0	0.254	0
2008	3	9	0	0	0	0	0	0
2008	3	10	0	0	0	0	5.334	0
2008	3	11	0	0	0	0	0	15.24
2008	3	12	0	0	0	0	1.524	2.54
2008	3	13	0	0	0	1.27	1.778	5.08
2008	3	14	0	0	0	0.254	7.62	5.08
2008	3	15	0	0	0	1.016	0.762	0
2008	3	16	0	0	0	0.508	0	0
2008	3	17	0	0	0	2.54	0.508	7.62
2008	3	18	0	0	0	0.508	1.524	10.16
2008	3	19	0	0	0	0	3.556	0
2008	3	20	0	0	0	3.556	2.286	2.54
2008	3	21	0	0	0	1.016	0.762	0
2008	3	22	0	0	0	0	0	2.54
2008	3	23	0	0	0	0	2.794	15.24
2008	3	24	0	0	0	0	0	2.54
2008	3	25	0	0	0	0	2.286	0
2008	3	26	0	0	0	0.254	3.048	5.08
2008	3	27	0	0	0	2.032	0.508	7.62
2008	3	28	0	0	0	2.286	3.302	0
2008	3	29	0	0	0	0.254	1.778	20.32
2008	3	30	0	0	0	0	5.334	2.54
2008	3	31	0	0	0	1.524	0.254	0
2008	4	1	0	0	0	0	0	0
2008	4	2	0	0	0	0	0	0
2008	4	3	0	0	0	0	0	0
2008	4	4	0	0	0	0	3.556	10.16
2008	4	5	0	0	0	0	3.556	22.86
2008	4	6	0	0	0	0.508	2.286	0
2008	4	7	0	0	0	3.048	0.254	0
2008	4	8	0	0	0	0	2.286	0
2008	4	9	0	0	0	0.254	0	0
2008	4	10	0	0	0	0.762	0	0
2008	4	11	0	0	0	0	0	0
2008	4	12	0	0	0	0	0	0
2008	4	13	0	0	0	0	8.636	0
2008	4	14	0	0	0	0	0	2.54
2008	4	15	0	0	0	0	0	2.54
2008	4	16	0	0	0	0	0	2.54
2008	4	17	0	0	0	0	0	2.54
2008	4	18	0	0	0	0.254	0.254	0
2008	4	19	0	0	0	0	0	5.08
2008	4	20	0	0	0	0	1.778	2.54
2008	4	21	0	0	0	0.508	2.286	7.62
2008	4	22	0	0	0	0.508	1.27	2.54
2008	4	23	0	0	0	1.016	4.572	0
2008	4	24	0	0	0	0	0.254	2.54
2008	4	25	0	0	0	0.254	0	12.7
2008	4	26	0	0	0	0	0	0
2008	4	27	0	0	0	0	0	0
2008	4	28	0	0	0	0.508	0.508	0
2008	4	29	0	0	0	4.826	0	0
2008	4	30	0	0	0	0.508	3.048	0
2008	5	1	0	0	0	0	0	0
2008	5	2	0	0	0	0	0	0
2008	5	3	0	0	0	0	0	0
2008	5	4	0	0	0	0	0	0
2008	5	5	0	0	0	0.508	0	2.54
2008	5	6	0	0	0	0	0.508	0
2008	5	7	0	0	0	1.016	0.762	5.08
2008	5	8	0	0	0	0	0	0
2008	5	9	0	0	0	1.524	0	7.62
2008	5	10	0	0	0	5.588	1.016	0
2008	5	11	0	0	0	5.588	0.508	7.62
2008	5	12	0	0	0	3.81	0	30.48
2008	5	13	0	0	0	0.508	1.778	0
2008	5	14	0	0	0	0.508	0	0
2008	5	15	0	0	0	0	0	0
2008	5	16	0	0	0	0	0	0
2008	5	17	0	0	0	0	0	0
2008	5	18	0	0	0	0	0	0
2008	5	19	0	0	0	0	12.446	0
2008	5	20	0	0	0	11.176	1.524	10.16
2008	5	21	0	0	0	0.762	3.302	5.08
2008	5	22	0	0	0	0	1.524	48.26
2008	5	23	0	0	0	0.254	0	106.68
2008	5	24	0	0	0	0.508	0.254	50.8
2008	5	25	0	0	0	0.254	0	38.1
2008	5	26	0	0	0	0	0	17.78
2008	5	27	0	0	0	0	0	2.54
2008	5	28	0	0	0	0	0	0
2008	5	29	0	0	0	4.826	0.762	0
2008	5	30	0	0	0	0.254	0	0
2008	5	31	0	0	0	0	0.762	0
2008	6	1	0	0	0	3.048	3.048	7.62
2008	6	2	0	0	0	2.032	0.762	0
2008	6	3	0	0	0	0	5.08	7.62
2008	6	4	0	0	0	0.254	0	5.08
2008	6	5	0	0	0	2.032	0.508	0
2008	6	6	0	0	0	4.064	1.524	10.16
2008	6	7	0	0	0	13.208	3.556	17.78
2008	6	8	0	0	0	1.778	0	5.08
2008	6	9	0	0	0	4.826	1.778	2.54
2008	6	10	0	0	0	20.066	1.27	33.02
2008	6	11	0	0	0	0.762	3.81	78.74
2008	6	12	0	0	0	2.54	0	35.56
2008	6	13	0	0	0	0	0	0
2008	6	14	0	0	0	0	0	0
2008	6	15	0	0	0	0	0	0
2008	6	16	0	0	0	0	0	0
2008	6	17	0	0	0	0	0	0
2008	6	18	0	0	0	0	0	0
2008	6	19	0	0	0	0	0	0
2008	6	20	0	0	0	0	0	0
2008	6	21	0	0	0	1.524	6.096	0
2008	6	22	0	0	0	0	0	0
2008	6	23	0	0	0	0.254	0	2.54
2008	6	24	0	0	0	0	0	0
2008	6	25	0	0	0	0	0	0
2008	6	26	0	0	0	0	0	0
2008	6	27	0	0	0	0	0	0
2008	6	28	0	0	0	0	0	0
2008	6	29	0	0	0	0	0	0
2008	6	30	0	0	0	0.508	0	0
2008	7	1	0	0	0	25.654	0	17.78
2008	7	2	0	0	0	9.652	0	2.54
2008	7	3	0	0	0	0	0	0
2008	7	4	0	0	0	3.048	0	0
2008	7	5	0	0	0	0	0	0
2008	7	6	0	0	0	0	0	0
2008	7	7	0	0	0	0	0	0
2008	7	8	0	0	0	0	0	0
2008	7	9	0	0	0	0	0	0
2008	7	10	0	0	0	0	0	0
2008	7	11	0	0	0	0	0	0
2008	7	12	0	0	0	0	0	0
2008	7	13	0	0	0	0	0	0
2008	7	14	0	0	0	0	0	0
2008	7	15	0	0	0	0	0	0
2008	7	16	0	0	0	0	0	0
2008	7	17	0	0	0	0	0	0
2008	7	18	0	0	0	0	0	0
2008	7	19	0	0	0	0	0	0
2008	7	20	0	0	0	0	0	0
2008	7	21	0	0	0	0	0	0
2008	7	22	0	0	0	7.112	0	20.32
2008	7	23	0	0	0	0	0	0
2008	7	24	0	0	0	0	0	0
2008	7	25	0	0	0	0	0	0
2008	7	26	0	0	0	0	0	0
2008	7	27	0	0	0	0	0	0
2008	7	28	0	0	0	0	0	0
2008	7	29	0	0	0	0	0	0
2008	7	30	0	0	0	0	0	0
2008	7	31	0	0	0	0	0	0
2008	8	1	0	0	0	0	0	0
2008	8	2	0	0	0	0	0	0
2008	8	3	0	0	0	0	0	0
2008	8	4	0	0	0	0	0	0
2008	8	5	0	0	0	0	0	0
2008	8	6	0	0	0	0	0	0
2008	8	7	0	0	0	0	0	0
2008	8	8	0	0	0	0.254	0	0
2008	8	9	0	0	0	0.254	0	2.54
2008	8	10	0	0	0	0	0	0
2008	8	11	0	0	0	0	0	0
2008	8	12	0	0	0	0	0	0
2008	8	13	0	0	0	0	0	0
2008	8	14	0	0	0	0	0	0
2008	8	15	0	0	0	0	0	0
2008	8	16	0	0	0	0	0	0
2008	8	17	0	0	0	0	0	0
2008	8	18	0	0	0	0	1.524	0
2008	8	19	0	0	0	2.286	1.524	0
2008	8	20	0	0	0	8.128	3.556	5.08
2008	8	21	0	0	0	2.286	1.524	7.62
2008	8	22	0	0	0	0	0	0
2008	8	23	0	0	0	0	0	0
2008	8	24	0	0	0	0	2.794	0
2008	8	25	0	0	0	9.652	0	0
2008	8	26	0	0	0	0	2.032	5.08
2008	8	27	0	0	0	0.762	2.032	10.16
2008	8	28	0	0	0	0	0	0
2008	8	29	0	0	0	0	0	2.54
2008	8	30	0	0	0	0	0	0
2008	8	31	0	0	0	0.254	0	10.16
2008	9	1	0	0	0	1.016	0	7.62
2008	9	2	0	0	0	0	0	0
2008	9	3	0	0	0	0	0	0
2008	9	4	0	0	0	0	0	0
2008	9	5	0	0	0	0	1.016	2.54
2008	9	6	0	0	0	0.762	0	2.54
2008	9	7	0	0	0	0	0	0
2008	9	8	0	0	0	0	0	0
2008	9	9	0	0	0	0.254	0.254	7.62
2008	9	10	0	0	0	0	0	5.08
2008	9	11	0	0	0	0	0	0
2008	9	12	0	0	0	0	0	7.62
2008	9	13	0	0	0	0	0	2.54
2008	9	14	0	0	0	0	0	0
2008	9	15	0	0	0	0	0	0
2008	9	16	0	0	0	0	0	0
2008	9	17	0	0	0	0	0	0
2008	9	18	0	0	0	0	0	0
2008	9	19	0	0	0	0	0	2.54
2008	9	20	0	0	0	4.572	0.762	0
2008	9	21	0	0	0	19.304	9.398	0
2008	9	22	0	0	0	1.016	1.778	5.08
2008	9	23	0	0	0	0	0	2.54
2008	9	24	0	0	0	0	0.254	0
2008	9	25	0	0	0	5.08	0.254	0
2008	9	26	0	0	0	0	0	0
2008	9	27	0	0	0	0	0	0
2008	9	28	0	0	0	0	0	0
2008	9	29	0	0	0	0	0	0
2008	9	30	0	0	0	0	0	0
2008	10	1	0	0	0	0	0	0
2008	10	2	0	0	0	2.032	0.254	0
2008	10	3	0	0	0	0	2.54	0
2008	10	4	0	0	0	2.032	0.762	0
2008	10	5	0	0	0	0.508	0	7.62
2008	10	6	0	0	0	0	3.302	2.54
2008	10	7	0	0	0	0.254	0.254	7.62
2008	10	8	0	0	0	0	0	0
2008	10	9	0	0	0	0	0	10.16
2008	10	10	0	0	0	0	0	2.54
2008	10	11	0	0	0	0	0	7.62
2008	10	12	0	0	0	0	0	2.54
2008	10	13	0	0	0	1.524	0	2.54
2008	10	14	0	0	0	0	0	0
2008	10	15	0	0	0	0	0	0
2008	10	16	0	0	0	0	0	2.54
2008	10	17	0	0	0	1.778	0	0
2008	10	18	0	0	0	0	0	2.54
2008	10	19	0	0	0	1.016	0	0
2008	10	20	0	0	0	2.54	0.254	5.08
2008	10	21	0	0	0	0	0	0
2008	10	22	0	0	0	0	0	0
2008	10	23	0	0	0	0	0	0
2008	10	24	0	0	0	0	0	2.54
2008	10	25	0	0	0	0	0	0
2008	10	26	0	0	0	0	0	0
2008	10	27	0	0	0	0	0	0
2008	10	28	0	0	0	0	0	0
2008	10	29	0	0	0	0	0	0
2008	10	30	0	0	0	0	0.508	0
2008	10	31	0	0	0	0.254	0	0
2008	11	1	0	0	0	0	1.016	0
2008	11	2	0	0	0	6.604	0.254	2.54
2008	11	3	0	0	0	0	0.762	0
2008	11	4	0	0	0	6.096	4.064	5.08
2008	11	5	0	0	0	0	0	2.54
2008	11	6	0	0	0	0.508	13.97	5.08
2008	11	7	0	0	0	3.81	4.318	2.54
2008	11	8	0	0	0	0.762	0.254	0
2008	11	9	0	0	0	0	0.762	0
2008	11	10	0	0	0	0	0	2.54
2008	11	11	0	0	0	2.54	9.144	2.54
2008	11	12	0	0	0	12.446	1.27	30.48
2008	11	13	0	0	0	0	0	5.08
2008	11	14	0	0	0	0	0	0
2008	11	15	0	0	0	0	0	7.62
2008	11	16	0	0	0	0	0	0
2008	11	17	0	0	0	0	0	0
2008	11	18	0	0	0	0	0	0
2008	11	19	0	0	0	0	1.016	0
2008	11	20	0	0	0	0.254	0.254	0
2008	11	21	0	0	0	0	0.254	5.08
2008	11	22	0	0	0	0	0	2.54
2008	11	23	0	0	0	0	0	0
2008	11	24	0	0	0	0	0	2.54
2008	11	25	0	0	0	0	2.286	0
2008	11	26	0	0	0	0	0	5.08
2008	11	27	0	0	0	0	2.286	0
2008	11	28	0	0	0	0	1.27	2.54
2008	11	29	0	0	0	0	0.508	2.54
2008	11	30	0	0	0	0	0.508	0
2008	12	1	0	0	0	1.016	4.572	2.54
2008	12	2	0	0	0	1.778	0	15.24
2008	12	3	0	0	0	0	0	0
2008	12	4	0	0	0	0	0.508	2.54
2008	12	5	0	0	0	4.318	2.286	5.08
2008	12	6	0	0	0	1.778	0.254	2.54
2008	12	7	0	0	0	0.254	0	10.16
2008	12	8	0	0	0	0	0.254	2.54
2008	12	9	0	0	0	2.032	0	5.08
2008	12	10	0	0	0	0	0	5.08
2008	12	11	0	0	0	0	5.08	0
2008	12	12	0	0	0	5.08	2.794	7.62
2008	12	13	0	0	0	0	0	2.54
2008	12	14	0	0	0	0	0	0
2008	12	15	0	0	0	0	0	0
2008	12	16	0	0	0	0.508	6.35	2.54
2008	12	17	0	0	0	6.35	24.892	7.62
2008	12	18	0	0	0	0	8.382	10.16
2008	12	19	0	0	0	0	1.27	2.54
2008	12	20	0	0	0	0	0.762	0
2008	12	21	0	0	0	2.286	8.128	5.08
2008	12	22	0	0	0	0	4.064	2.54
2008	12	23	0	0	0	0	0.254	2.54
2008	12	24	0	0	0	3.302	7.112	5.08
2008	12	25	0	0	0	6.096	1.27	5.08
2008	12	26	0	0	0	0.762	5.334	5.08
2008	12	27	0	0	0	6.35	5.334	7.62
2008	12	28	0	0	0	5.588	2.286	30.48
2008	12	29	0	0	0	5.842	14.986	10.16
2008	12	30	0	0	0	0.762	2.54	0
2008	12	31	0	0	0	2.794	4.064	7.62
