Year	Month	Day	Hour	Min	Sec	ALF
2001	10	1	0	0	0	0.13607
2001	10	2	0	0	0	0.13791
2001	10	3	0	0	0	0.13795
2001	10	4	0	0	0	0.13404
2001	10	5	0	0	0	0.1383
2001	10	6	0	0	0	0.15102
2001	10	7	0	0	0	0.1429
2001	10	8	0	0	0	0.14864
2001	10	9	0	0	0	0.15239
2001	10	10	0	0	0	0.15165
2001	10	11	0	0	0	0.16336
2001	10	12	0	0	0	0.16949
2001	10	13	0	0	0	0.17128
2001	10	14	0	0	0	0.17714
2001	10	15	0	0	0	0.20758
2001	10	16	0	0	0	0.22359
2001	10	17	0	0	0	0.2255
2001	10	18	0	0	0	0.21785
2001	10	19	0	0	0	0.22882
2001	10	20	0	0	0	0.25817
2001	10	21	0	0	0	0.26321
2001	10	22	0	0	0	0.2668
2001	10	23	0	0	0	0.2732
2001	10	24	0	0	0	0.28401
2001	10	25	0	0	0	0.29186
2001	10	26	0	0	0	0.29311
2001	10	27	0	0	0	0.30657
2001	10	28	0	0	0	0.29951
2001	10	29	0	0	0	0.29486
2001	10	30	0	0	0	0.30989
2001	10	31	0	0	0	0.36071
2001	11	1	0	0	0	0.35096
2001	11	2	0	0	0	0.38609
2001	11	3	0	0	0	0.41735
2001	11	4	0	0	0	0.39764
2001	11	5	0	0	0	0.38331
2001	11	6	0	0	0	0.39733
2001	11	7	0	0	0	0.35181
2001	11	8	0	0	0	0.34233
2001	11	9	0	0	0	0.34026
2001	11	10	0	0	0	0.32437
2001	11	11	0	0	0	0.3079
2001	11	12	0	0	0	0.29584
2001	11	13	0	0	0	0.30685
2001	11	14	0	0	0	0.36489
2001	11	15	0	0	0	0.33483
2001	11	16	0	0	0	0.39011
2001	11	17	0	0	0	0.3857
2001	11	18	0	0	0	0.33745
2001	11	19	0	0	0	0.33089
2001	11	20	0	0	0	0.38835
2001	11	21	0	0	0	0.33706
2001	11	22	0	0	0	0.38179
2001	11	23	0	0	0	0.37699
2001	11	24	0	0	0	0.36957
2001	11	25	0	0	0	0.37082
2001	11	26	0	0	0	0.3458
2001	11	27	0	0	0	0.35677
2001	11	28	0	0	0	0.34092
2001	11	29	0	0	0	0.34869
2001	11	30	0	0	0	0.33788
2001	12	1	0	0	0	0.4193
2001	12	2	0	0	0	0.39893
2001	12	3	0	0	0	0.41677
2001	12	4	0	0	0	0.39268
2001	12	5	0	0	0	0.36399
2001	12	6	0	0	0	0.36583
2001	12	7	0	0	0	0.35568
2001	12	8	0	0	0	0.34252
2001	12	9	0	0	0	0.34479
2001	12	10	0	0	0	0.32953
2001	12	11	0	0	0	0.32508
2001	12	12	0	0	0	0.31719
2001	12	13	0	0	0	0.35993
2001	12	14	0	0	0	0.37235
2001	12	15	0	0	0	0.34088
2001	12	16	0	0	0	0.39986
2001	12	17	0	0	0	0.39584
2001	12	18	0	0	0	0.35806
2001	12	19	0	0	0	0.34479
2001	12	20	0	0	0	0.31906
2001	12	21	0	0	0	0.31024
2001	12	22	0	0	0	0.30361
2001	12	23	0	0	0	0.29229
2001	12	24	0	0	0	0.31145
2001	12	25	0	0	0	0.27999
2001	12	26	0	0	0	0.25692
2001	12	27	0	0	0	0.24591
2001	12	28	0	0	0	0.2417
2001	12	29	0	0	0	0.22581
2001	12	30	0	0	0	0.23936
2001	12	31	0	0	0	0.22191
2002	1	1	0	0	0	0.28725
2002	1	2	0	0	0	0.30486
2002	1	3	0	0	0	0.30329
2002	1	4	0	0	0	0.31379
2002	1	5	0	0	0	0.29838
2002	1	6	0	0	0	0.30517
2002	1	7	0	0	0	0.36665
2002	1	8	0	0	0	0.58594
2002	1	9	0	0	0	0.62615
2002	1	10	0	0	0	0.6548
2002	1	11	0	0	0	0.64289
2002	1	12	0	0	0	0.62009
2002	1	13	0	0	0	0.64867
2002	1	14	0	0	0	0.63013
2002	1	15	0	0	0	0.57318
2002	1	16	0	0	0	0.55862
2002	1	17	0	0	0	0.51728
2002	1	18	0	0	0	0.50034
2002	1	19	0	0	0	0.50065
2002	1	20	0	0	0	0.48617
2002	1	21	0	0	0	0.49292
2002	1	22	0	0	0	0.47028
2002	1	23	0	0	0	0.4718
2002	1	24	0	0	0	0.46322
2002	1	25	0	0	0	0.4996
2002	1	26	0	0	0	0.56072
2002	1	27	0	0	0	0.55795
2002	1	28	0	0	0	0.52263
2002	1	29	0	0	0	0.49136
2002	1	30	0	0	0	0.49421
2002	1	31	0	0	0	0.49206
2002	2	1	0	0	0	0.37016
2002	2	2	0	0	0	0.37703
2002	2	3	0	0	0	0.3821
2002	2	4	0	0	0	0.38597
2002	2	5	0	0	0	0.36938
2002	2	6	0	0	0	0.36587
2002	2	7	0	0	0	0.39054
2002	2	8	0	0	0	0.38753
2002	2	9	0	0	0	0.36126
2002	2	10	0	0	0	0.3766
2002	2	11	0	0	0	0.36243
2002	2	12	0	0	0	0.34498
2002	2	13	0	0	0	0.33401
2002	2	14	0	0	0	0.3266
2002	2	15	0	0	0	0.32035
2002	2	16	0	0	0	0.31684
2002	2	17	0	0	0	0.31778
2002	2	18	0	0	0	0.32195
2002	2	19	0	0	0	0.33343
2002	2	20	0	0	0	0.35033
2002	2	21	0	0	0	0.35025
2002	2	22	0	0	0	0.43055
2002	2	23	0	0	0	0.57969
2002	2	24	0	0	0	0.55218
2002	2	25	0	0	0	0.55655
2002	2	26	0	0	0	0.55959
2002	2	27	0	0	0	0.5325
2002	2	28	0	0	0	0.51755
2002	3	1	0	0	0	0.50342
2002	3	2	0	0	0	0.47754
2002	3	3	0	0	0	0.46794
2002	3	4	0	0	0	0.47274
2002	3	5	0	0	0	0.47899
2002	3	6	0	0	0	0.43507
2002	3	7	0	0	0	0.40189
2002	3	8	0	0	0	0.39986
2002	3	9	0	0	0	0.3944
2002	3	10	0	0	0	0.39643
2002	3	11	0	0	0	0.43784
2002	3	12	0	0	0	0.50772
2002	3	13	0	0	0	0.48722
2002	3	14	0	0	0	0.51728
2002	3	15	0	0	0	0.53953
2002	3	16	0	0	0	0.51135
2002	3	17	0	0	0	0.48098
2002	3	18	0	0	0	0.47399
2002	3	19	0	0	0	0.46255
2002	3	20	0	0	0	0.46493
2002	3	21	0	0	0	0.44729
2002	3	22	0	0	0	0.43773
2002	3	23	0	0	0	0.41294
2002	3	24	0	0	0	0.40736
2002	3	25	0	0	0	0.43425
2002	3	26	0	0	0	0.4734
2002	3	27	0	0	0	0.48515
2002	3	28	0	0	0	0.52423
2002	3	29	0	0	0	0.53008
2002	3	30	0	0	0	0.52758
2002	3	31	0	0	0	0.55881
2002	4	1	0	0	0	0.52477
2002	4	2	0	0	0	0.52809
2002	4	3	0	0	0	0.57021
2002	4	4	0	0	0	0.56248
2002	4	5	0	0	0	0.55651
2002	4	6	0	0	0	0.60452
2002	4	7	0	0	0	0.65577
2002	4	8	0	0	0	0.75297
2002	4	9	0	0	0	0.86765
2002	4	10	0	0	0	0.91589
2002	4	11	0	0	0	1.0236
2002	4	12	0	0	0	1.158
2002	4	13	0	0	0	1.433
2002	4	14	0	0	0	2.0935
2002	4	15	0	0	0	2.7043
2002	4	16	0	0	0	2.8698
2002	4	17	0	0	0	2.7049
2002	4	18	0	0	0	2.3863
2002	4	19	0	0	0	2.114
2002	4	20	0	0	0	1.9099
2002	4	21	0	0	0	1.7693
2002	4	22	0	0	0	1.6987
2002	4	23	0	0	0	1.7017
2002	4	24	0	0	0	1.6576
2002	4	25	0	0	0	1.6125
2002	4	26	0	0	0	1.5706
2002	4	27	0	0	0	1.4934
2002	4	28	0	0	0	1.4546
2002	4	29	0	0	0	1.4324
2002	4	30	0	0	0	1.4361
2002	5	1	0	0	0	1.4249
2002	5	2	0	0	0	1.4872
2002	5	3	0	0	0	1.6509
2002	5	4	0	0	0	1.8047
2002	5	5	0	0	0	1.8592
2002	5	6	0	0	0	1.864
2002	5	7	0	0	0	1.75
2002	5	8	0	0	0	1.6346
2002	5	9	0	0	0	1.5368
2002	5	10	0	0	0	1.4243
2002	5	11	0	0	0	1.3447
2002	5	12	0	0	0	1.2882
2002	5	13	0	0	0	1.2878
2002	5	14	0	0	0	1.4484
2002	5	15	0	0	0	1.6484
2002	5	16	0	0	0	1.8524
2002	5	17	0	0	0	1.9859
2002	5	18	0	0	0	2.0462
2002	5	19	0	0	0	2.1537
2002	5	20	0	0	0	2.7055
2002	5	21	0	0	0	3.5889
2002	5	22	0	0	0	4.8138
2002	5	23	0	0	0	5.3347
2002	5	24	0	0	0	4.8212
2002	5	25	0	0	0	4.0903
2002	5	26	0	0	0	3.5631
2002	5	27	0	0	0	3.4152
2002	5	28	0	0	0	3.651
2002	5	29	0	0	0	4.1595
2002	5	30	0	0	0	4.7466
2002	5	31	0	0	0	5.2292
2002	6	1	0	0	0	5.5681
2002	6	2	0	0	0	5.7446
2002	6	3	0	0	0	5.4367
2002	6	4	0	0	0	5.1429
2002	6	5	0	0	0	4.8875
2002	6	6	0	0	0	4.705
2002	6	7	0	0	0	4.6521
2002	6	8	0	0	0	4.4347
2002	6	9	0	0	0	4.0678
2002	6	10	0	0	0	3.7399
2002	6	11	0	0	0	3.5389
2002	6	12	0	0	0	3.3476
2002	6	13	0	0	0	3.1235
2002	6	14	0	0	0	3.0262
2002	6	15	0	0	0	3.1404
2002	6	16	0	0	0	3.461
2002	6	17	0	0	0	3.8054
2002	6	18	0	0	0	4.2021
2002	6	19	0	0	0	4.3607
2002	6	20	0	0	0	4.1311
2002	6	21	0	0	0	3.7579
2002	6	22	0	0	0	3.4518
2002	6	23	0	0	0	3.4275
2002	6	24	0	0	0	3.5898
2002	6	25	0	0	0	3.7612
2002	6	26	0	0	0	3.6991
2002	6	27	0	0	0	3.5522
2002	6	28	0	0	0	3.4718
2002	6	29	0	0	0	3.4746
2002	6	30	0	0	0	3.5023
2002	7	1	0	0	0	3.3465
2002	7	2	0	0	0	2.9286
2002	7	3	0	0	0	2.5266
2002	7	4	0	0	0	2.2268
2002	7	5	0	0	0	2.0428
2002	7	6	0	0	0	1.8792
2002	7	7	0	0	0	1.7866
2002	7	8	0	0	0	1.696
2002	7	9	0	0	0	1.7098
2002	7	10	0	0	0	1.7009
2002	7	11	0	0	0	1.6621
2002	7	12	0	0	0	1.5681
2002	7	13	0	0	0	1.5013
2002	7	14	0	0	0	1.453
2002	7	15	0	0	0	1.3956
2002	7	16	0	0	0	1.3067
2002	7	17	0	0	0	1.2491
2002	7	18	0	0	0	1.1956
2002	7	19	0	0	0	1.1207
2002	7	20	0	0	0	1.0745
2002	7	21	0	0	0	1.0041
2002	7	22	0	0	0	0.94982
2002	7	23	0	0	0	0.91589
2002	7	24	0	0	0	0.87229
2002	7	25	0	0	0	0.80621
2002	7	26	0	0	0	0.76112
2002	7	27	0	0	0	0.73981
2002	7	28	0	0	0	0.70339
2002	7	29	0	0	0	0.69547
2002	7	30	0	0	0	0.66756
2002	7	31	0	0	0	0.62603
2002	8	1	0	0	0	0.58602
2002	8	2	0	0	0	0.54207
2002	8	3	0	0	0	0.52801
2002	8	4	0	0	0	0.49558
2002	8	5	0	0	0	0.48086
2002	8	6	0	0	0	0.47696
2002	8	7	0	0	0	0.49136
2002	8	8	0	0	0	0.48691
2002	8	9	0	0	0	0.4734
2002	8	10	0	0	0	0.45572
2002	8	11	0	0	0	0.44159
2002	8	12	0	0	0	0.41973
2002	8	13	0	0	0	0.40779
2002	8	14	0	0	0	0.39385
2002	8	15	0	0	0	0.37949
2002	8	16	0	0	0	0.36399
2002	8	17	0	0	0	0.35252
2002	8	18	0	0	0	0.34369
2002	8	19	0	0	0	0.34081
2002	8	20	0	0	0	0.34221
2002	8	21	0	0	0	0.3442
2002	8	22	0	0	0	0.33569
2002	8	23	0	0	0	0.33675
2002	8	24	0	0	0	0.34295
2002	8	25	0	0	0	0.35162
2002	8	26	0	0	0	0.34124
2002	8	27	0	0	0	0.33604
2002	8	28	0	0	0	0.33655
2002	8	29	0	0	0	0.34147
2002	8	30	0	0	0	0.33967
2002	8	31	0	0	0	0.34846
2002	9	1	0	0	0	0.3444
2002	9	2	0	0	0	0.31707
2002	9	3	0	0	0	0.29514
2002	9	4	0	0	0	0.2812
2002	9	5	0	0	0	0.27972
2002	9	6	0	0	0	0.27769
2002	9	7	0	0	0	0.28643
2002	9	8	0	0	0	0.29135
2002	9	9	0	0	0	0.30341
2002	9	10	0	0	0	0.30923
2002	9	11	0	0	0	0.31403
2002	9	12	0	0	0	0.30162
2002	9	13	0	0	0	0.28893
2002	9	14	0	0	0	0.28913
2002	9	15	0	0	0	0.26246
2002	9	16	0	0	0	0.26036
2002	9	17	0	0	0	0.25653
2002	9	18	0	0	0	0.25017
2002	9	19	0	0	0	0.24615
2002	9	20	0	0	0	0.24705
2002	9	21	0	0	0	0.25052
2002	9	22	0	0	0	0.25563
2002	9	23	0	0	0	0.25528
2002	9	24	0	0	0	0.24271
2002	9	25	0	0	0	0.2488
2002	9	26	0	0	0	0.25239
2002	9	27	0	0	0	0.25161
2002	9	28	0	0	0	0.23869
2002	9	29	0	0	0	0.23292
2002	9	30	0	0	0	0.23705
2002	10	1	0	0	0	0.22007
2002	10	2	0	0	0	0.21879
2002	10	3	0	0	0	0.23889
2002	10	4	0	0	0	0.24915
2002	10	5	0	0	0	0.23366
2002	10	6	0	0	0	0.22417
2002	10	7	0	0	0	0.23709
2002	10	8	0	0	0	0.2463
2002	10	9	0	0	0	0.25907
2002	10	10	0	0	0	0.26047
2002	10	11	0	0	0	0.26328
2002	10	12	0	0	0	0.26332
2002	10	13	0	0	0	0.2588
2002	10	14	0	0	0	0.25505
2002	10	15	0	0	0	0.24549
2002	10	16	0	0	0	0.24509
2002	10	17	0	0	0	0.24111
2002	10	18	0	0	0	0.23448
2002	10	19	0	0	0	0.2273
2002	10	20	0	0	0	0.23003
2002	10	21	0	0	0	0.2287
2002	10	22	0	0	0	0.22374
2002	10	23	0	0	0	0.21621
2002	10	24	0	0	0	0.20836
2002	10	25	0	0	0	0.20731
2002	10	26	0	0	0	0.20559
2002	10	27	0	0	0	0.20044
2002	10	28	0	0	0	0.20368
2002	10	29	0	0	0	0.20017
2002	10	30	0	0	0	0.19154
2002	10	31	0	0	0	0.19353
2002	11	1	0	0	0	0.28198
2002	11	2	0	0	0	0.26996
2002	11	3	0	0	0	0.27105
2002	11	4	0	0	0	0.26239
2002	11	5	0	0	0	0.26797
2002	11	6	0	0	0	0.24502
2002	11	7	0	0	0	0.23651
2002	11	8	0	0	0	0.25177
2002	11	9	0	0	0	0.26036
2002	11	10	0	0	0	0.25856
2002	11	11	0	0	0	0.26079
2002	11	12	0	0	0	0.2657
2002	11	13	0	0	0	0.26422
2002	11	14	0	0	0	0.27238
2002	11	15	0	0	0	0.27441
2002	11	16	0	0	0	0.27574
2002	11	17	0	0	0	0.27878
2002	11	18	0	0	0	0.27593
2002	11	19	0	0	0	0.27827
2002	11	20	0	0	0	0.28292
2002	11	21	0	0	0	0.28725
2002	11	22	0	0	0	0.28671
2002	11	23	0	0	0	0.31657
2002	11	24	0	0	0	0.32379
2002	11	25	0	0	0	0.30513
2002	11	26	0	0	0	0.29869
2002	11	27	0	0	0	0.28483
2002	11	28	0	0	0	0.27663
2002	11	29	0	0	0	0.28202
2002	11	30	0	0	0	0.27261
2002	12	1	0	0	0	0.25841
2002	12	2	0	0	0	0.25817
2002	12	3	0	0	0	0.25731
2002	12	4	0	0	0	0.2602
2002	12	5	0	0	0	0.26785
2002	12	6	0	0	0	0.25723
2002	12	7	0	0	0	0.25723
2002	12	8	0	0	0	0.25466
2002	12	9	0	0	0	0.25122
2002	12	10	0	0	0	0.24275
2002	12	11	0	0	0	0.24041
2002	12	12	0	0	0	0.23545
2002	12	13	0	0	0	0.26727
2002	12	14	0	0	0	0.33109
2002	12	15	0	0	0	0.40068
2002	12	16	0	0	0	0.45209
2002	12	17	0	0	0	0.4163
2002	12	18	0	0	0	0.3969
2002	12	19	0	0	0	0.3784
2002	12	20	0	0	0	0.33382
2002	12	21	0	0	0	0.33815
2002	12	22	0	0	0	0.31188
2002	12	23	0	0	0	0.31356
2002	12	24	0	0	0	0.30279
2002	12	25	0	0	0	0.29455
2002	12	26	0	0	0	0.31731
2002	12	27	0	0	0	0.31227
2002	12	28	0	0	0	0.29654
2002	12	29	0	0	0	0.33066
2002	12	30	0	0	0	0.3417
2002	12	31	0	0	0	0.36056
2003	1	1	0	0	0	0.39662
2003	1	2	0	0	0	0.38776
2003	1	3	0	0	0	0.43047
2003	1	4	0	0	0	0.40147
2003	1	5	0	0	0	0.40841
2003	1	6	0	0	0	0.39475
2003	1	7	0	0	0	0.38078
2003	1	8	0	0	0	0.36891
2003	1	9	0	0	0	0.37141
2003	1	10	0	0	0	0.33316
2003	1	11	0	0	0	0.3038
2003	1	12	0	0	0	0.27734
2003	1	13	0	0	0	0.27652
2003	1	14	0	0	0	0.26824
2003	1	15	0	0	0	0.26707
2003	1	16	0	0	0	0.30017
2003	1	17	0	0	0	0.29174
2003	1	18	0	0	0	0.29123
2003	1	19	0	0	0	0.27343
2003	1	20	0	0	0	0.26426
2003	1	21	0	0	0	0.26293
2003	1	22	0	0	0	0.26645
2003	1	23	0	0	0	0.27008
2003	1	24	0	0	0	0.26695
2003	1	25	0	0	0	0.27133
2003	1	26	0	0	0	0.35704
2003	1	27	0	0	0	0.41321
2003	1	28	0	0	0	0.41575
2003	1	29	0	0	0	0.47707
2003	1	30	0	0	0	0.47828
2003	1	31	0	0	0	0.54972
2003	2	1	0	0	0	0.64937
2003	2	2	0	0	0	0.74141
2003	2	3	0	0	0	0.78373
2003	2	4	0	0	0	0.72065
2003	2	5	0	0	0	0.66194
2003	2	6	0	0	0	0.61038
2003	2	7	0	0	0	0.60854
2003	2	8	0	0	0	0.54695
2003	2	9	0	0	0	0.50178
2003	2	10	0	0	0	0.4987
2003	2	11	0	0	0	0.47985
2003	2	12	0	0	0	0.46439
2003	2	13	0	0	0	0.44678
2003	2	14	0	0	0	0.43484
2003	2	15	0	0	0	0.41966
2003	2	16	0	0	0	0.43827
2003	2	17	0	0	0	0.46497
2003	2	18	0	0	0	0.4476
2003	2	19	0	0	0	0.4261
2003	2	20	0	0	0	0.45287
2003	2	21	0	0	0	0.44151
2003	2	22	0	0	0	0.44487
2003	2	23	0	0	0	0.42414
2003	2	24	0	0	0	0.38808
2003	2	25	0	0	0	0.37723
2003	2	26	0	0	0	0.35482
2003	2	27	0	0	0	0.34186
2003	2	28	0	0	0	0.33616
2003	3	1	0	0	0	0.32554
2003	3	2	0	0	0	0.34307
2003	3	3	0	0	0	0.34896
2003	3	4	0	0	0	0.35583
2003	3	5	0	0	0	0.33823
2003	3	6	0	0	0	0.34448
2003	3	7	0	0	0	0.36309
2003	3	8	0	0	0	0.35096
2003	3	9	0	0	0	0.36009
2003	3	10	0	0	0	0.33788
2003	3	11	0	0	0	0.33722
2003	3	12	0	0	0	0.42692
2003	3	13	0	0	0	0.51806
2003	3	14	0	0	0	0.71948
2003	3	15	0	0	0	0.81796
2003	3	16	0	0	0	0.94833
2003	3	17	0	0	0	0.99853
2003	3	18	0	0	0	0.97851
2003	3	19	0	0	0	0.94099
2003	3	20	0	0	0	0.90418
2003	3	21	0	0	0	0.91956
2003	3	22	0	0	0	1.01
2003	3	23	0	0	0	1.1374
2003	3	24	0	0	0	1.2064
2003	3	25	0	0	0	1.1941
2003	3	26	0	0	0	1.18
2003	3	27	0	0	0	1.1172
2003	3	28	0	0	0	1.052
2003	3	29	0	0	0	1.0054
2003	3	30	0	0	0	0.93967
2003	3	31	0	0	0	0.94119
2003	4	1	0	0	0	0.97039
2003	4	2	0	0	0	1.1102
2003	4	3	0	0	0	1.2101
2003	4	4	0	0	0	1.2166
2003	4	5	0	0	0	1.1997
2003	4	6	0	0	0	1.1145
2003	4	7	0	0	0	1.0459
2003	4	8	0	0	0	0.97242
2003	4	9	0	0	0	0.9577
2003	4	10	0	0	0	0.94271
2003	4	11	0	0	0	1.0316
2003	4	12	0	0	0	1.1214
2003	4	13	0	0	0	1.329
2003	4	14	0	0	0	1.5775
2003	4	15	0	0	0	1.8019
2003	4	16	0	0	0	1.8759
2003	4	17	0	0	0	1.8657
2003	4	18	0	0	0	1.7629
2003	4	19	0	0	0	1.676
2003	4	20	0	0	0	1.6031
2003	4	21	0	0	0	1.5337
2003	4	22	0	0	0	1.547
2003	4	23	0	0	0	1.6632
2003	4	24	0	0	0	1.8644
2003	4	25	0	0	0	2.1275
2003	4	26	0	0	0	2.3296
2003	4	27	0	0	0	2.5013
2003	4	28	0	0	0	2.4677
2003	4	29	0	0	0	2.2539
2003	4	30	0	0	0	2.0494
2003	5	1	0	0	0	1.8937
2003	5	2	0	0	0	1.8108
2003	5	3	0	0	0	1.7804
2003	5	4	0	0	0	1.7628
2003	5	5	0	0	0	1.7982
2003	5	6	0	0	0	1.8198
2003	5	7	0	0	0	1.802
2003	5	8	0	0	0	1.7305
2003	5	9	0	0	0	1.6293
2003	5	10	0	0	0	1.5334
2003	5	11	0	0	0	1.4847
2003	5	12	0	0	0	1.4465
2003	5	13	0	0	0	1.4311
2003	5	14	0	0	0	1.4425
2003	5	15	0	0	0	1.5375
2003	5	16	0	0	0	1.6577
2003	5	17	0	0	0	1.8283
2003	5	18	0	0	0	1.9358
2003	5	19	0	0	0	1.8894
2003	5	20	0	0	0	1.7602
2003	5	21	0	0	0	1.5612
2003	5	22	0	0	0	1.424
2003	5	23	0	0	0	1.4358
2003	5	24	0	0	0	1.5851
2003	5	25	0	0	0	2.0704
2003	5	26	0	0	0	2.9016
2003	5	27	0	0	0	3.803
2003	5	28	0	0	0	4.2987
2003	5	29	0	0	0	4.7381
2003	5	30	0	0	0	4.7919
2003	5	31	0	0	0	4.9468
2003	6	1	0	0	0	4.8448
2003	6	2	0	0	0	4.5945
2003	6	3	0	0	0	4.223
2003	6	4	0	0	0	3.7999
2003	6	5	0	0	0	3.3992
2003	6	6	0	0	0	3.1406
2003	6	7	0	0	0	2.9079
2003	6	8	0	0	0	2.7763
2003	6	9	0	0	0	2.7217
2003	6	10	0	0	0	2.741
2003	6	11	0	0	0	2.6955
2003	6	12	0	0	0	2.6833
2003	6	13	0	0	0	2.5359
2003	6	14	0	0	0	2.3528
2003	6	15	0	0	0	2.2268
2003	6	16	0	0	0	2.0782
2003	6	17	0	0	0	1.9545
2003	6	18	0	0	0	1.8827
2003	6	19	0	0	0	1.8499
2003	6	20	0	0	0	1.8444
2003	6	21	0	0	0	1.8732
2003	6	22	0	0	0	1.8314
2003	6	23	0	0	0	1.7249
2003	6	24	0	0	0	1.5459
2003	6	25	0	0	0	1.3917
2003	6	26	0	0	0	1.2873
2003	6	27	0	0	0	1.1933
2003	6	28	0	0	0	1.1365
2003	6	29	0	0	0	1.1013
2003	6	30	0	0	0	1.0817
2003	7	1	0	0	0	1.0438
2003	7	2	0	0	0	0.97858
2003	7	3	0	0	0	0.93213
2003	7	4	0	0	0	0.87881
2003	7	5	0	0	0	0.81554
2003	7	6	0	0	0	0.7717
2003	7	7	0	0	0	0.72588
2003	7	8	0	0	0	0.68758
2003	7	9	0	0	0	0.65355
2003	7	10	0	0	0	0.63364
2003	7	11	0	0	0	0.60569
2003	7	12	0	0	0	0.61494
2003	7	13	0	0	0	0.59371
2003	7	14	0	0	0	0.54472
2003	7	15	0	0	0	0.51111
2003	7	16	0	0	0	0.48675
2003	7	17	0	0	0	0.47177
2003	7	18	0	0	0	0.45557
2003	7	19	0	0	0	0.43613
2003	7	20	0	0	0	0.42001
2003	7	21	0	0	0	0.40431
2003	7	22	0	0	0	0.39112
2003	7	23	0	0	0	0.37598
2003	7	24	0	0	0	0.36567
2003	7	25	0	0	0	0.35474
2003	7	26	0	0	0	0.34736
2003	7	27	0	0	0	0.33237
2003	7	28	0	0	0	0.32109
2003	7	29	0	0	0	0.31942
2003	7	30	0	0	0	0.30587
2003	7	31	0	0	0	0.3022
2003	8	1	0	0	0	0.26855
2003	8	2	0	0	0	0.24837
2003	8	3	0	0	0	0.23943
2003	8	4	0	0	0	0.24104
2003	8	5	0	0	0	0.24006
2003	8	6	0	0	0	0.23331
2003	8	7	0	0	0	0.23327
2003	8	8	0	0	0	0.22425
2003	8	9	0	0	0	0.22246
2003	8	10	0	0	0	0.22468
2003	8	11	0	0	0	0.22218
2003	8	12	0	0	0	0.21594
2003	8	13	0	0	0	0.20579
2003	8	14	0	0	0	0.20192
2003	8	15	0	0	0	0.19669
2003	8	16	0	0	0	0.18896
2003	8	17	0	0	0	0.1826
2003	8	18	0	0	0	0.17714
2003	8	19	0	0	0	0.17093
2003	8	20	0	0	0	0.17218
2003	8	21	0	0	0	0.17917
2003	8	22	0	0	0	0.18717
2003	8	23	0	0	0	0.1883
2003	8	24	0	0	0	0.18307
2003	8	25	0	0	0	0.17835
2003	8	26	0	0	0	0.17831
2003	8	27	0	0	0	0.17729
2003	8	28	0	0	0	0.17487
2003	8	29	0	0	0	0.17261
2003	8	30	0	0	0	0.16671
2003	8	31	0	0	0	0.16773
2003	9	1	0	0	0	0.17597
2003	9	2	0	0	0	0.16913
2003	9	3	0	0	0	0.16999
2003	9	4	0	0	0	0.16761
2003	9	5	0	0	0	0.1648
2003	9	6	0	0	0	0.16246
2003	9	7	0	0	0	0.15688
2003	9	8	0	0	0	0.16102
2003	9	9	0	0	0	0.16781
2003	9	10	0	0	0	0.17054
2003	9	11	0	0	0	0.17257
2003	9	12	0	0	0	0.17479
2003	9	13	0	0	0	0.17889
2003	9	14	0	0	0	0.19392
2003	9	15	0	0	0	0.20317
2003	9	16	0	0	0	0.19802
2003	9	17	0	0	0	0.19607
2003	9	18	0	0	0	0.1949
2003	9	19	0	0	0	0.19517
2003	9	20	0	0	0	0.19263
2003	9	21	0	0	0	0.19314
2003	9	22	0	0	0	0.19209
2003	9	23	0	0	0	0.18775
2003	9	24	0	0	0	0.18194
2003	9	25	0	0	0	0.17671
2003	9	26	0	0	0	0.17085
2003	9	27	0	0	0	0.17073
2003	9	28	0	0	0	0.16582
2003	9	29	0	0	0	0.16371
2003	9	30	0	0	0	0.16039
2003	10	1	0	0	0	0.15485
2003	10	2	0	0	0	0.16176
2003	10	3	0	0	0	0.1698
2003	10	4	0	0	0	0.17741
2003	10	5	0	0	0	0.17503
2003	10	6	0	0	0	0.17538
2003	10	7	0	0	0	0.17483
2003	10	8	0	0	0	0.17167
2003	10	9	0	0	0	0.1714
2003	10	10	0	0	0	0.17011
2003	10	11	0	0	0	0.17339
2003	10	12	0	0	0	0.18264
2003	10	13	0	0	0	0.21984
2003	10	14	0	0	0	0.22683
2003	10	15	0	0	0	0.24908
2003	10	16	0	0	0	0.26613
2003	10	17	0	0	0	0.27281
2003	10	18	0	0	0	0.25938
2003	10	19	0	0	0	0.25161
2003	10	20	0	0	0	0.25431
2003	10	21	0	0	0	0.24896
2003	10	22	0	0	0	0.25064
2003	10	23	0	0	0	0.25899
2003	10	24	0	0	0	0.26898
2003	10	25	0	0	0	0.28069
2003	10	26	0	0	0	0.27339
2003	10	27	0	0	0	0.26688
2003	10	28	0	0	0	0.27152
2003	10	29	0	0	0	0.28858
2003	10	30	0	0	0	0.31337
2003	10	31	0	0	0	0.35185
2003	11	1	0	0	0	0.48777
2003	11	2	0	0	0	0.47235
2003	11	3	0	0	0	0.44175
2003	11	4	0	0	0	0.41618
2003	11	5	0	0	0	0.39272
2003	11	6	0	0	0	0.38445
2003	11	7	0	0	0	0.35915
2003	11	8	0	0	0	0.3314
2003	11	9	0	0	0	0.32949
2003	11	10	0	0	0	0.32387
2003	11	11	0	0	0	0.33581
2003	11	12	0	0	0	0.35622
2003	11	13	0	0	0	0.35369
2003	11	14	0	0	0	0.34518
2003	11	15	0	0	0	0.33561
2003	11	16	0	0	0	0.32625
2003	11	17	0	0	0	0.29674
2003	11	18	0	0	0	0.3088
2003	11	19	0	0	0	0.32679
2003	11	20	0	0	0	0.32398
2003	11	21	0	0	0	0.32059
2003	11	22	0	0	0	0.2782
2003	11	23	0	0	0	0.24408
2003	11	24	0	0	0	0.26356
2003	11	25	0	0	0	0.28464
2003	11	26	0	0	0	0.29166
2003	11	27	0	0	0	0.29685
2003	11	28	0	0	0	0.3565
2003	11	29	0	0	0	0.3159
2003	11	30	0	0	0	0.28963
2003	12	1	0	0	0	0.34514
2003	12	2	0	0	0	0.33218
2003	12	3	0	0	0	0.33261
2003	12	4	0	0	0	0.33062
2003	12	5	0	0	0	0.33015
2003	12	6	0	0	0	0.35829
2003	12	7	0	0	0	0.35572
2003	12	8	0	0	0	0.36727
2003	12	9	0	0	0	0.37883
2003	12	10	0	0	0	0.34284
2003	12	11	0	0	0	0.35041
2003	12	12	0	0	0	0.34834
2003	12	13	0	0	0	0.34639
2003	12	14	0	0	0	0.333
2003	12	15	0	0	0	0.33682
2003	12	16	0	0	0	0.35099
2003	12	17	0	0	0	0.3638
2003	12	18	0	0	0	0.33749
2003	12	19	0	0	0	0.3193
2003	12	20	0	0	0	0.31567
2003	12	21	0	0	0	0.30837
2003	12	22	0	0	0	0.30755
2003	12	23	0	0	0	0.31813
2003	12	24	0	0	0	0.33284
2003	12	25	0	0	0	0.31789
2003	12	26	0	0	0	0.31153
2003	12	27	0	0	0	0.31337
2003	12	28	0	0	0	0.31992
2003	12	29	0	0	0	0.31024
2003	12	30	0	0	0	0.30646
2003	12	31	0	0	0	0.30404
2004	1	1	0	0	0	0.29166
2004	1	2	0	0	0	0.28077
2004	1	3	0	0	0	0.27984
2004	1	4	0	0	0	0.27667
2004	1	5	0	0	0	0.28514
2004	1	6	0	0	0	0.27531
2004	1	7	0	0	0	0.27246
2004	1	8	0	0	0	0.26492
2004	1	9	0	0	0	0.26961
2004	1	10	0	0	0	0.273
2004	1	11	0	0	0	0.29869
2004	1	12	0	0	0	0.3248
2004	1	13	0	0	0	0.3394
2004	1	14	0	0	0	0.35014
2004	1	15	0	0	0	0.34693
2004	1	16	0	0	0	0.3353
2004	1	17	0	0	0	0.33319
2004	1	18	0	0	0	0.33308
2004	1	19	0	0	0	0.3275
2004	1	20	0	0	0	0.31879
2004	1	21	0	0	0	0.31711
2004	1	22	0	0	0	0.3257
2004	1	23	0	0	0	0.33089
2004	1	24	0	0	0	0.32765
2004	1	25	0	0	0	0.3079
2004	1	26	0	0	0	0.30411
2004	1	27	0	0	0	0.32995
2004	1	28	0	0	0	0.32699
2004	1	29	0	0	0	0.32753
2004	1	30	0	0	0	0.38554
2004	1	31	0	0	0	0.3565
2004	2	1	0	0	0	0.38866
2004	2	2	0	0	0	0.36196
2004	2	3	0	0	0	0.33827
2004	2	4	0	0	0	0.32765
2004	2	5	0	0	0	0.30927
2004	2	6	0	0	0	0.31391
2004	2	7	0	0	0	0.30536
2004	2	8	0	0	0	0.3118
2004	2	9	0	0	0	0.31348
2004	2	10	0	0	0	0.30755
2004	2	11	0	0	0	0.29834
2004	2	12	0	0	0	0.29884
2004	2	13	0	0	0	0.29506
2004	2	14	0	0	0	0.30634
2004	2	15	0	0	0	0.28464
2004	2	16	0	0	0	0.30626
2004	2	17	0	0	0	0.29264
2004	2	18	0	0	0	0.32035
2004	2	19	0	0	0	0.32769
2004	2	20	0	0	0	0.35189
2004	2	21	0	0	0	0.35056
2004	2	22	0	0	0	0.35127
2004	2	23	0	0	0	0.34643
2004	2	24	0	0	0	0.33308
2004	2	25	0	0	0	0.35099
2004	2	26	0	0	0	0.35068
2004	2	27	0	0	0	0.36493
2004	2	28	0	0	0	0.38105
2004	2	29	0	0	0	0.36095
2004	3	1	0	0	0	0.3549
2004	3	2	0	0	0	0.3547
2004	3	3	0	0	0	0.34561
2004	3	4	0	0	0	0.34721
2004	3	5	0	0	0	0.3364
2004	3	6	0	0	0	0.35786
2004	3	7	0	0	0	0.35943
2004	3	8	0	0	0	0.346
2004	3	9	0	0	0	0.34377
2004	3	10	0	0	0	0.36712
2004	3	11	0	0	0	0.40966
2004	3	12	0	0	0	0.45494
2004	3	13	0	0	0	0.49398
2004	3	14	0	0	0	0.51072
2004	3	15	0	0	0	0.51802
2004	3	16	0	0	0	0.51544
2004	3	17	0	0	0	0.53375
2004	3	18	0	0	0	0.54874
2004	3	19	0	0	0	0.60257
2004	3	20	0	0	0	0.65019
2004	3	21	0	0	0	0.68321
2004	3	22	0	0	0	0.70523
2004	3	23	0	0	0	0.73072
2004	3	24	0	0	0	0.7678
2004	3	25	0	0	0	0.82713
2004	3	26	0	0	0	0.94377
2004	3	27	0	0	0	1.0307
2004	3	28	0	0	0	1.044
2004	3	29	0	0	0	1.0202
2004	3	30	0	0	0	0.98135
2004	3	31	0	0	0	1.0576
2004	4	1	0	0	0	0.99447
2004	4	2	0	0	0	1.0093
2004	4	3	0	0	0	1.081
2004	4	4	0	0	0	1.0941
2004	4	5	0	0	0	1.1224
2004	4	6	0	0	0	1.2081
2004	4	7	0	0	0	1.368
2004	4	8	0	0	0	1.5435
2004	4	9	0	0	0	1.7081
2004	4	10	0	0	0	1.7884
2004	4	11	0	0	0	1.7454
2004	4	12	0	0	0	1.7095
2004	4	13	0	0	0	1.6885
2004	4	14	0	0	0	1.8576
2004	4	15	0	0	0	2.0415
2004	4	16	0	0	0	2.172
2004	4	17	0	0	0	2.1288
2004	4	18	0	0	0	1.9405
2004	4	19	0	0	0	1.8207
2004	4	20	0	0	0	1.6673
2004	4	21	0	0	0	1.5685
2004	4	22	0	0	0	1.4785
2004	4	23	0	0	0	1.4055
2004	4	24	0	0	0	1.3774
2004	4	25	0	0	0	1.3538
2004	4	26	0	0	0	1.3951
2004	4	27	0	0	0	1.4306
2004	4	28	0	0	0	1.637
2004	4	29	0	0	0	1.7942
2004	4	30	0	0	0	1.9879
2004	5	1	0	0	0	1.9254
2004	5	2	0	0	0	1.8698
2004	5	3	0	0	0	1.9528
2004	5	4	0	0	0	2.1765
2004	5	5	0	0	0	2.4884
2004	5	6	0	0	0	2.711
2004	5	7	0	0	0	2.7206
2004	5	8	0	0	0	2.6828
2004	5	9	0	0	0	2.6258
2004	5	10	0	0	0	2.5586
2004	5	11	0	0	0	2.4439
2004	5	12	0	0	0	2.28
2004	5	13	0	0	0	2.0923
2004	5	14	0	0	0	1.8945
2004	5	15	0	0	0	1.6951
2004	5	16	0	0	0	1.5792
2004	5	17	0	0	0	1.5128
2004	5	18	0	0	0	1.4213
2004	5	19	0	0	0	1.4805
2004	5	20	0	0	0	1.5907
2004	5	21	0	0	0	1.7115
2004	5	22	0	0	0	1.9271
2004	5	23	0	0	0	2.096
2004	5	24	0	0	0	2.127
2004	5	25	0	0	0	2.0694
2004	5	26	0	0	0	2.0428
2004	5	27	0	0	0	2.0307
2004	5	28	0	0	0	2.2112
2004	5	29	0	0	0	2.4211
2004	5	30	0	0	0	2.5188
2004	5	31	0	0	0	2.5113
2004	6	1	0	0	0	2.417
2004	6	2	0	0	0	2.2727
2004	6	3	0	0	0	2.1275
2004	6	4	0	0	0	2.0608
2004	6	5	0	0	0	2.1468
2004	6	6	0	0	0	2.3792
2004	6	7	0	0	0	2.5866
2004	6	8	0	0	0	2.5832
2004	6	9	0	0	0	2.4187
2004	6	10	0	0	0	2.2304
2004	6	11	0	0	0	2.066
2004	6	12	0	0	0	2.0119
2004	6	13	0	0	0	1.988
2004	6	14	0	0	0	1.9338
2004	6	15	0	0	0	1.8352
2004	6	16	0	0	0	1.7445
2004	6	17	0	0	0	1.6506
2004	6	18	0	0	0	1.5452
2004	6	19	0	0	0	1.5077
2004	6	20	0	0	0	1.4735
2004	6	21	0	0	0	1.4041
2004	6	22	0	0	0	1.3529
2004	6	23	0	0	0	1.3514
2004	6	24	0	0	0	1.3646
2004	6	25	0	0	0	1.3881
2004	6	26	0	0	0	1.4527
2004	6	27	0	0	0	1.4572
2004	6	28	0	0	0	1.45
2004	6	29	0	0	0	1.3837
2004	6	30	0	0	0	1.3263
2004	7	1	0	0	0	1.28
2004	7	2	0	0	0	1.2312
2004	7	3	0	0	0	1.2069
2004	7	4	0	0	0	1.143
2004	7	5	0	0	0	1.1057
2004	7	6	0	0	0	1.0741
2004	7	7	0	0	0	1.0586
2004	7	8	0	0	0	1.0328
2004	7	9	0	0	0	0.98186
2004	7	10	0	0	0	0.94037
2004	7	11	0	0	0	0.89232
2004	7	12	0	0	0	0.84384
2004	7	13	0	0	0	0.79985
2004	7	14	0	0	0	0.74473
2004	7	15	0	0	0	0.68879
2004	7	16	0	0	0	0.63899
2004	7	17	0	0	0	0.62556
2004	7	18	0	0	0	0.59937
2004	7	19	0	0	0	0.58008
2004	7	20	0	0	0	0.57169
2004	7	21	0	0	0	0.56459
2004	7	22	0	0	0	0.55842
2004	7	23	0	0	0	0.54011
2004	7	24	0	0	0	0.5172
2004	7	25	0	0	0	0.48914
2004	7	26	0	0	0	0.45822
2004	7	27	0	0	0	0.45814
2004	7	28	0	0	0	0.42727
2004	7	29	0	0	0	0.3978
2004	7	30	0	0	0	0.39709
2004	7	31	0	0	0	0.39674
2004	8	1	0	0	0	0.37418
2004	8	2	0	0	0	0.36985
2004	8	3	0	0	0	0.3727
2004	8	4	0	0	0	0.37071
2004	8	5	0	0	0	0.35256
2004	8	6	0	0	0	0.34369
2004	8	7	0	0	0	0.33874
2004	8	8	0	0	0	0.34986
2004	8	9	0	0	0	0.34229
2004	8	10	0	0	0	0.34717
2004	8	11	0	0	0	0.33597
2004	8	12	0	0	0	0.32625
2004	8	13	0	0	0	0.31243
2004	8	14	0	0	0	0.29978
2004	8	15	0	0	0	0.29272
2004	8	16	0	0	0	0.27925
2004	8	17	0	0	0	0.27472
2004	8	18	0	0	0	0.2773
2004	8	19	0	0	0	0.28784
2004	8	20	0	0	0	0.30724
2004	8	21	0	0	0	0.30907
2004	8	22	0	0	0	0.31465
2004	8	23	0	0	0	0.31212
2004	8	24	0	0	0	0.32781
2004	8	25	0	0	0	0.40123
2004	8	26	0	0	0	0.50295
2004	8	27	0	0	0	0.6402
2004	8	28	0	0	0	0.76511
2004	8	29	0	0	0	0.79551
2004	8	30	0	0	0	0.76995
2004	8	31	0	0	0	0.74219
2004	9	1	0	0	0	0.63774
2004	9	2	0	0	0	0.60667
2004	9	3	0	0	0	0.58032
2004	9	4	0	0	0	0.5211
2004	9	5	0	0	0	0.4864
2004	9	6	0	0	0	0.47489
2004	9	7	0	0	0	0.4606
2004	9	8	0	0	0	0.44979
2004	9	9	0	0	0	0.42703
2004	9	10	0	0	0	0.41134
2004	9	11	0	0	0	0.40576
2004	9	12	0	0	0	0.39315
2004	9	13	0	0	0	0.40221
2004	9	14	0	0	0	0.42067
2004	9	15	0	0	0	0.49179
2004	9	16	0	0	0	0.59012
2004	9	17	0	0	0	0.65718
2004	9	18	0	0	0	0.74539
2004	9	19	0	0	0	0.77596
2004	9	20	0	0	0	0.78013
2004	9	21	0	0	0	0.82288
2004	9	22	0	0	0	0.83392
2004	9	23	0	0	0	0.79434
2004	9	24	0	0	0	0.69192
2004	9	25	0	0	0	0.65722
2004	9	26	0	0	0	0.62728
2004	9	27	0	0	0	0.60237
2004	9	28	0	0	0	0.56147
2004	9	29	0	0	0	0.53133
2004	9	30	0	0	0	0.51084
2004	10	1	0	0	0	0.459
2004	10	2	0	0	0	0.44671
2004	10	3	0	0	0	0.43585
2004	10	4	0	0	0	0.42153
2004	10	5	0	0	0	0.42457
2004	10	6	0	0	0	0.41431
2004	10	7	0	0	0	0.42258
2004	10	8	0	0	0	0.42133
2004	10	9	0	0	0	0.45986
2004	10	10	0	0	0	0.44128
2004	10	11	0	0	0	0.44448
2004	10	12	0	0	0	0.4366
2004	10	13	0	0	0	0.44639
2004	10	14	0	0	0	0.44136
2004	10	15	0	0	0	0.39702
2004	10	16	0	0	0	0.40131
2004	10	17	0	0	0	0.43765
2004	10	18	0	0	0	0.47235
2004	10	19	0	0	0	0.51736
2004	10	20	0	0	0	0.5457
2004	10	21	0	0	0	0.5777
2004	10	22	0	0	0	0.59059
2004	10	23	0	0	0	0.57696
2004	10	24	0	0	0	0.58262
2004	10	25	0	0	0	0.56377
2004	10	26	0	0	0	0.5441
2004	10	27	0	0	0	0.51131
2004	10	28	0	0	0	0.50241
2004	10	29	0	0	0	0.48012
2004	10	30	0	0	0	0.47259
2004	10	31	0	0	0	0.46572
2004	11	1	0	0	0	0.53356
2004	11	2	0	0	0	0.58941
2004	11	3	0	0	0	0.59566
2004	11	4	0	0	0	0.59894
2004	11	5	0	0	0	0.6019
2004	11	6	0	0	0	0.61194
2004	11	7	0	0	0	0.59418
2004	11	8	0	0	0	0.60596
2004	11	9	0	0	0	0.5487
2004	11	10	0	0	0	0.56287
2004	11	11	0	0	0	0.53531
2004	11	12	0	0	0	0.52302
2004	11	13	0	0	0	0.51939
2004	11	14	0	0	0	0.51771
2004	11	15	0	0	0	0.52103
2004	11	16	0	0	0	0.48949
2004	11	17	0	0	0	0.49862
2004	11	18	0	0	0	0.48754
2004	11	19	0	0	0	0.4912
2004	11	20	0	0	0	0.47317
2004	11	21	0	0	0	0.44698
2004	11	22	0	0	0	0.46536
2004	11	23	0	0	0	0.45588
2004	11	24	0	0	0	0.45803
2004	11	25	0	0	0	0.49062
2004	11	26	0	0	0	0.53383
2004	11	27	0	0	0	0.561
2004	11	28	0	0	0	0.57669
2004	11	29	0	0	0	0.54261
2004	11	30	0	0	0	0.51201
2004	12	1	0	0	0	0.48754
2004	12	2	0	0	0	0.51744
2004	12	3	0	0	0	0.52021
2004	12	4	0	0	0	0.4994
2004	12	5	0	0	0	0.50358
2004	12	6	0	0	0	0.51345
2004	12	7	0	0	0	0.48964
2004	12	8	0	0	0	0.51576
2004	12	9	0	0	0	0.50424
2004	12	10	0	0	0	0.53574
2004	12	11	0	0	0	0.60249
2004	12	12	0	0	0	0.70503
2004	12	13	0	0	0	0.82018
2004	12	14	0	0	0	0.93889
2004	12	15	0	0	0	0.9139
2004	12	16	0	0	0	0.87909
2004	12	17	0	0	0	0.85188
2004	12	18	0	0	0	0.79063
2004	12	19	0	0	0	0.77678
2004	12	20	0	0	0	0.72966
2004	12	21	0	0	0	0.72213
2004	12	22	0	0	0	0.68064
2004	12	23	0	0	0	0.66104
2004	12	24	0	0	0	0.62111
2004	12	25	0	0	0	0.61752
2004	12	26	0	0	0	0.57755
2004	12	27	0	0	0	0.60144
2004	12	28	0	0	0	0.5786
2004	12	29	0	0	0	0.58071
2004	12	30	0	0	0	0.54917
2004	12	31	0	0	0	0.53566
2005	1	1	0	0	0	0.5035
2005	1	2	0	0	0	0.48617
2005	1	3	0	0	0	0.44171
2005	1	4	0	0	0	0.41029
2005	1	5	0	0	0	0.35045
2005	1	6	0	0	0	0.362
2005	1	7	0	0	0	0.35298
2005	1	8	0	0	0	0.37785
2005	1	9	0	0	0	0.33565
2005	1	10	0	0	0	0.34112
2005	1	11	0	0	0	0.35736
2005	1	12	0	0	0	0.36512
2005	1	13	0	0	0	0.39237
2005	1	14	0	0	0	0.35021
2005	1	15	0	0	0	0.34256
2005	1	16	0	0	0	0.31532
2005	1	17	0	0	0	0.32281
2005	1	18	0	0	0	0.39803
2005	1	19	0	0	0	0.49733
2005	1	20	0	0	0	0.67689
2005	1	21	0	0	0	0.84376
2005	1	22	0	0	0	1.018
2005	1	23	0	0	0	1.1535
2005	1	24	0	0	0	1.1958
2005	1	25	0	0	0	1.1627
2005	1	26	0	0	0	1.1192
2005	1	27	0	0	0	1.0746
2005	1	28	0	0	0	1.0489
2005	1	29	0	0	0	0.97382
2005	1	30	0	0	0	0.9648
2005	1	31	0	0	0	0.90309
2005	2	1	0	0	0	0.85067
2005	2	2	0	0	0	0.81257
2005	2	3	0	0	0	0.75386
2005	2	4	0	0	0	0.75855
2005	2	5	0	0	0	0.74524
2005	2	6	0	0	0	0.71257
2005	2	7	0	0	0	0.70246
2005	2	8	0	0	0	0.65995
2005	2	9	0	0	0	0.60788
2005	2	10	0	0	0	0.62556
2005	2	11	0	0	0	0.60261
2005	2	12	0	0	0	0.55573
2005	2	13	0	0	0	0.56069
2005	2	14	0	0	0	0.53918
2005	2	15	0	0	0	0.54093
2005	2	16	0	0	0	0.49913
2005	2	17	0	0	0	0.4791
2005	2	18	0	0	0	0.45721
2005	2	19	0	0	0	0.44265
2005	2	20	0	0	0	0.43593
2005	2	21	0	0	0	0.44085
2005	2	22	0	0	0	0.44913
2005	2	23	0	0	0	0.4419
2005	2	24	0	0	0	0.42824
2005	2	25	0	0	0	0.42758
2005	2	26	0	0	0	0.40435
2005	2	27	0	0	0	0.41294
2005	2	28	0	0	0	0.4099
2005	3	1	0	0	0	0.40705
2005	3	2	0	0	0	0.4172
2005	3	3	0	0	0	0.42813
2005	3	4	0	0	0	0.4332
2005	3	5	0	0	0	0.43827
2005	3	6	0	0	0	0.41966
2005	3	7	0	0	0	0.44952
2005	3	8	0	0	0	0.42656
2005	3	9	0	0	0	0.4638
2005	3	10	0	0	0	0.48348
2005	3	11	0	0	0	0.49085
2005	3	12	0	0	0	0.50186
2005	3	13	0	0	0	0.5366
2005	3	14	0	0	0	0.53492
2005	3	15	0	0	0	0.56166
2005	3	16	0	0	0	0.58391
2005	3	17	0	0	0	0.56697
2005	3	18	0	0	0	0.57072
2005	3	19	0	0	0	0.59706
2005	3	20	0	0	0	0.56392
2005	3	21	0	0	0	0.57411
2005	3	22	0	0	0	0.55955
2005	3	23	0	0	0	0.53231
2005	3	24	0	0	0	0.51072
2005	3	25	0	0	0	0.51474
2005	3	26	0	0	0	0.53219
2005	3	27	0	0	0	0.65257
2005	3	28	0	0	0	0.77401
2005	3	29	0	0	0	0.83435
2005	3	30	0	0	0	0.89431
2005	3	31	0	0	0	0.90781
2005	4	1	0	0	0	0.85227
2005	4	2	0	0	0	0.80434
2005	4	3	0	0	0	0.76124
2005	4	4	0	0	0	0.75219
2005	4	5	0	0	0	0.74286
2005	4	6	0	0	0	0.7256
2005	4	7	0	0	0	0.73322
2005	4	8	0	0	0	0.77303
2005	4	9	0	0	0	0.80633
2005	4	10	0	0	0	0.88377
2005	4	11	0	0	0	0.94974
2005	4	12	0	0	0	0.94455
2005	4	13	0	0	0	0.92561
2005	4	14	0	0	0	0.92124
2005	4	15	0	0	0	0.92105
2005	4	16	0	0	0	0.91422
2005	4	17	0	0	0	0.90383
2005	4	18	0	0	0	0.8997
2005	4	19	0	0	0	0.91234
2005	4	20	0	0	0	0.93377
2005	4	21	0	0	0	0.93108
2005	4	22	0	0	0	0.92374
2005	4	23	0	0	0	0.97105
2005	4	24	0	0	0	1.0137
2005	4	25	0	0	0	1.1784
2005	4	26	0	0	0	1.3536
2005	4	27	0	0	0	1.5851
2005	4	28	0	0	0	1.7333
2005	4	29	0	0	0	1.7259
2005	4	30	0	0	0	1.637
2005	5	1	0	0	0	1.4383
2005	5	2	0	0	0	1.2962
2005	5	3	0	0	0	1.2095
2005	5	4	0	0	0	1.1598
2005	5	5	0	0	0	1.1414
2005	5	6	0	0	0	1.1949
2005	5	7	0	0	0	1.3108
2005	5	8	0	0	0	1.5361
2005	5	9	0	0	0	1.8092
2005	5	10	0	0	0	1.9843
2005	5	11	0	0	0	2.0244
2005	5	12	0	0	0	2.0653
2005	5	13	0	0	0	2.0666
2005	5	14	0	0	0	2.0537
2005	5	15	0	0	0	2.0938
2005	5	16	0	0	0	2.2629
2005	5	17	0	0	0	2.4891
2005	5	18	0	0	0	2.7131
2005	5	19	0	0	0	2.7975
2005	5	20	0	0	0	2.7304
2005	5	21	0	0	0	2.6395
2005	5	22	0	0	0	2.5498
2005	5	23	0	0	0	2.4781
2005	5	24	0	0	0	2.3888
2005	5	25	0	0	0	2.1835
2005	5	26	0	0	0	1.9708
2005	5	27	0	0	0	1.898
2005	5	28	0	0	0	1.876
2005	5	29	0	0	0	1.8256
2005	5	30	0	0	0	1.8461
2005	5	31	0	0	0	1.8733
2005	6	1	0	0	0	1.8926
2005	6	2	0	0	0	1.9145
2005	6	3	0	0	0	2.0879
2005	6	4	0	0	0	2.3562
2005	6	5	0	0	0	2.6624
2005	6	6	0	0	0	2.8525
2005	6	7	0	0	0	2.8708
2005	6	8	0	0	0	2.848
2005	6	9	0	0	0	2.7542
2005	6	10	0	0	0	2.6194
2005	6	11	0	0	0	2.3911
2005	6	12	0	0	0	2.286
2005	6	13	0	0	0	2.2104
2005	6	14	0	0	0	2.1614
2005	6	15	0	0	0	2.1176
2005	6	16	0	0	0	2.0998
2005	6	17	0	0	0	2.1637
2005	6	18	0	0	0	1.9887
2005	6	19	0	0	0	2.0082
2005	6	20	0	0	0	2.0087
2005	6	21	0	0	0	1.9118
2005	6	22	0	0	0	1.9354
2005	6	23	0	0	0	1.8268
2005	6	24	0	0	0	1.7795
2005	6	25	0	0	0	1.67
2005	6	26	0	0	0	1.5772
2005	6	27	0	0	0	1.4957
2005	6	28	0	0	0	1.4321
2005	6	29	0	0	0	1.4044
2005	6	30	0	0	0	1.3455
2005	7	1	0	0	0	1.4023
2005	7	2	0	0	0	1.3274
2005	7	3	0	0	0	1.2628
2005	7	4	0	0	0	1.2123
2005	7	5	0	0	0	1.1414
2005	7	6	0	0	0	1.0278
2005	7	7	0	0	0	0.91355
2005	7	8	0	0	0	0.85414
2005	7	9	0	0	0	0.84177
2005	7	10	0	0	0	0.82994
2005	7	11	0	0	0	0.78931
2005	7	12	0	0	0	0.77198
2005	7	13	0	0	0	0.73954
2005	7	14	0	0	0	0.70086
2005	7	15	0	0	0	0.66662
2005	7	16	0	0	0	0.63704
2005	7	17	0	0	0	0.61877
2005	7	18	0	0	0	0.5786
2005	7	19	0	0	0	0.55959
2005	7	20	0	0	0	0.53371
2005	7	21	0	0	0	0.52552
2005	7	22	0	0	0	0.50705
2005	7	23	0	0	0	0.46431
2005	7	24	0	0	0	0.45264
2005	7	25	0	0	0	0.4243
2005	7	26	0	0	0	0.39842
2005	7	27	0	0	0	0.39662
2005	7	28	0	0	0	0.38335
2005	7	29	0	0	0	0.36946
2005	7	30	0	0	0	0.36352
2005	7	31	0	0	0	0.35306
2005	8	1	0	0	0	0.33335
2005	8	2	0	0	0	0.32141
2005	8	3	0	0	0	0.31258
2005	8	4	0	0	0	0.30642
2005	8	5	0	0	0	0.30681
2005	8	6	0	0	0	0.26606
2005	8	7	0	0	0	0.26754
2005	8	8	0	0	0	0.27215
2005	8	9	0	0	0	0.28596
2005	8	10	0	0	0	0.29783
2005	8	11	0	0	0	0.29955
2005	8	12	0	0	0	0.28819
2005	8	13	0	0	0	0.29108
2005	8	14	0	0	0	0.29182
2005	8	15	0	0	0	0.29373
2005	8	16	0	0	0	0.2885
2005	8	17	0	0	0	0.28354
2005	8	18	0	0	0	0.2835
2005	8	19	0	0	0	0.27051
2005	8	20	0	0	0	0.27808
2005	8	21	0	0	0	0.27905
2005	8	22	0	0	0	0.27675
2005	8	23	0	0	0	0.27297
2005	8	24	0	0	0	0.26395
2005	8	25	0	0	0	0.2609
2005	8	26	0	0	0	0.26231
2005	8	27	0	0	0	0.26079
2005	8	28	0	0	0	0.26391
2005	8	29	0	0	0	0.25536
2005	8	30	0	0	0	0.25372
2005	8	31	0	0	0	0.25321
2005	9	1	0	0	0	0.25411
2005	9	2	0	0	0	0.2618
2005	9	3	0	0	0	0.26325
2005	9	4	0	0	0	0.25606
2005	9	5	0	0	0	0.25072
2005	9	6	0	0	0	0.24412
2005	9	7	0	0	0	0.23752
2005	9	8	0	0	0	0.22671
2005	9	9	0	0	0	0.21078
2005	9	10	0	0	0	0.21406
2005	9	11	0	0	0	0.23194
2005	9	12	0	0	0	0.26165
2005	9	13	0	0	0	0.28909
2005	9	14	0	0	0	0.30045
2005	9	15	0	0	0	0.29533
2005	9	16	0	0	0	0.28089
2005	9	17	0	0	0	0.28116
2005	9	18	0	0	0	0.28713
2005	9	19	0	0	0	0.28873
2005	9	20	0	0	0	0.28561
2005	9	21	0	0	0	0.29736
2005	9	22	0	0	0	0.29592
2005	9	23	0	0	0	0.2892
2005	9	24	0	0	0	0.27371
2005	9	25	0	0	0	0.26922
2005	9	26	0	0	0	0.2693
2005	9	27	0	0	0	0.2677
2005	9	28	0	0	0	0.26543
2005	9	29	0	0	0	0.26215
2005	9	30	0	0	0	0.27211
2005	10	1	0	0	0	0.31048
2005	10	2	0	0	0	0.41536
2005	10	3	0	0	0	0.57271
2005	10	4	0	0	0	0.65288
2005	10	5	0	0	0	0.64133
2005	10	6	0	0	0	0.59265
2005	10	7	0	0	0	0.54901
2005	10	8	0	0	0	0.51997
2005	10	9	0	0	0	0.50455
2005	10	10	0	0	0	0.50373
2005	10	11	0	0	0	0.48687
2005	10	12	0	0	0	0.46474
2005	10	13	0	0	0	0.46345
2005	10	14	0	0	0	0.45307
2005	10	15	0	0	0	0.44378
2005	10	16	0	0	0	0.43703
2005	10	17	0	0	0	0.41864
2005	10	18	0	0	0	0.41911
2005	10	19	0	0	0	0.4275
2005	10	20	0	0	0	0.44475
2005	10	21	0	0	0	0.45217
2005	10	22	0	0	0	0.46794
2005	10	23	0	0	0	0.49667
2005	10	24	0	0	0	0.50073
2005	10	25	0	0	0	0.49452
2005	10	26	0	0	0	0.45412
2005	10	27	0	0	0	0.45518
2005	10	28	0	0	0	0.44956
2005	10	29	0	0	0	0.43055
2005	10	30	0	0	0	0.41548
2005	10	31	0	0	0	0.44151
2005	11	1	0	0	0	0.49886
2005	11	2	0	0	0	0.5382
2005	11	3	0	0	0	0.55947
2005	11	4	0	0	0	0.57884
2005	11	5	0	0	0	0.59585
2005	11	6	0	0	0	0.59289
2005	11	7	0	0	0	0.56861
2005	11	8	0	0	0	0.53711
2005	11	9	0	0	0	0.52391
2005	11	10	0	0	0	0.51107
2005	11	11	0	0	0	0.49351
2005	11	12	0	0	0	0.4777
2005	11	13	0	0	0	0.47633
2005	11	14	0	0	0	0.47317
2005	11	15	0	0	0	0.47501
2005	11	16	0	0	0	0.47321
2005	11	17	0	0	0	0.45717
2005	11	18	0	0	0	0.45537
2005	11	19	0	0	0	0.42477
2005	11	20	0	0	0	0.41314
2005	11	21	0	0	0	0.40791
2005	11	22	0	0	0	0.40018
2005	11	23	0	0	0	0.39229
2005	11	24	0	0	0	0.38238
2005	11	25	0	0	0	0.39026
2005	11	26	0	0	0	0.37051
2005	11	27	0	0	0	0.35997
2005	11	28	0	0	0	0.33753
2005	11	29	0	0	0	0.34342
2005	11	30	0	0	0	0.33558
2005	12	1	0	0	0	0.33019
2005	12	2	0	0	0	0.34935
2005	12	3	0	0	0	0.3339
2005	12	4	0	0	0	0.3207
2005	12	5	0	0	0	0.32914
2005	12	6	0	0	0	0.31664
2005	12	7	0	0	0	0.28307
2005	12	8	0	0	0	0.26118
2005	12	9	0	0	0	0.22979
2005	12	10	0	0	0	0.2223
2005	12	11	0	0	0	0.23487
2005	12	12	0	0	0	0.23456
2005	12	13	0	0	0	0.25587
2005	12	14	0	0	0	0.28495
2005	12	15	0	0	0	0.2835
2005	12	16	0	0	0	0.27378
2005	12	17	0	0	0	0.25634
2005	12	18	0	0	0	0.25606
2005	12	19	0	0	0	0.24974
2005	12	20	0	0	0	0.25899
2005	12	21	0	0	0	0.29034
2005	12	22	0	0	0	0.35946
2005	12	23	0	0	0	0.47871
2005	12	24	0	0	0	0.50393
2005	12	25	0	0	0	0.53535
2005	12	26	0	0	0	0.56935
2005	12	27	0	0	0	0.59511
2005	12	28	0	0	0	0.57712
2005	12	29	0	0	0	0.57294
2005	12	30	0	0	0	0.56377
2005	12	31	0	0	0	0.62294
2006	1	1	0	0	0	0.60526
2006	1	2	0	0	0	0.63247
2006	1	3	0	0	0	0.5877
2006	1	4	0	0	0	0.57294
2006	1	5	0	0	0	0.5667
2006	1	6	0	0	0	0.55702
2006	1	7	0	0	0	0.62009
2006	1	8	0	0	0	0.61096
2006	1	9	0	0	0	0.67119
2006	1	10	0	0	0	0.76749
2006	1	11	0	0	0	0.85141
2006	1	12	0	0	0	0.81487
2006	1	13	0	0	0	0.83627
2006	1	14	0	0	0	0.93245
2006	1	15	0	0	0	0.9787
2006	1	16	0	0	0	0.99252
2006	1	17	0	0	0	0.99267
2006	1	18	0	0	0	0.97757
2006	1	19	0	0	0	0.89903
2006	1	20	0	0	0	0.89306
2006	1	21	0	0	0	0.83591
2006	1	22	0	0	0	0.80894
2006	1	23	0	0	0	0.74379
2006	1	24	0	0	0	0.72986
2006	1	25	0	0	0	0.70168
2006	1	26	0	0	0	0.66686
2006	1	27	0	0	0	0.66998
2006	1	28	0	0	0	0.65359
2006	1	29	0	0	0	0.65526
2006	1	30	0	0	0	0.68017
2006	1	31	0	0	0	0.67291
2006	2	1	0	0	0	0.59863
2006	2	2	0	0	0	0.58883
2006	2	3	0	0	0	0.60803
2006	2	4	0	0	0	0.61151
2006	2	5	0	0	0	0.60593
2006	2	6	0	0	0	0.58012
2006	2	7	0	0	0	0.56412
2006	2	8	0	0	0	0.53586
2006	2	9	0	0	0	0.52883
2006	2	10	0	0	0	0.49234
2006	2	11	0	0	0	0.49378
2006	2	12	0	0	0	0.47516
2006	2	13	0	0	0	0.45963
2006	2	14	0	0	0	0.44795
2006	2	15	0	0	0	0.44054
2006	2	16	0	0	0	0.4405
2006	2	17	0	0	0	0.3743
2006	2	18	0	0	0	0.32765
2006	2	19	0	0	0	0.30853
2006	2	20	0	0	0	0.32785
2006	2	21	0	0	0	0.3921
2006	2	22	0	0	0	0.41321
2006	2	23	0	0	0	0.4517
2006	2	24	0	0	0	0.43277
2006	2	25	0	0	0	0.42976
2006	2	26	0	0	0	0.43289
2006	2	27	0	0	0	0.47461
2006	2	28	0	0	0	0.53395
2006	3	1	0	0	0	0.52477
2006	3	2	0	0	0	0.55186
2006	3	3	0	0	0	0.59472
2006	3	4	0	0	0	0.56131
2006	3	5	0	0	0	0.57868
2006	3	6	0	0	0	0.58473
2006	3	7	0	0	0	0.60401
2006	3	8	0	0	0	0.58645
2006	3	9	0	0	0	0.57782
2006	3	10	0	0	0	0.60554
2006	3	11	0	0	0	0.54238
2006	3	12	0	0	0	0.51232
2006	3	13	0	0	0	0.51868
2006	3	14	0	0	0	0.4928
2006	3	15	0	0	0	0.4866
2006	3	16	0	0	0	0.49515
2006	3	17	0	0	0	0.49304
2006	3	18	0	0	0	0.49234
2006	3	19	0	0	0	0.48558
2006	3	20	0	0	0	0.47372
2006	3	21	0	0	0	0.47563
2006	3	22	0	0	0	0.48351
2006	3	23	0	0	0	0.47009
2006	3	24	0	0	0	0.50475
2006	3	25	0	0	0	0.53184
2006	3	26	0	0	0	0.54894
2006	3	27	0	0	0	0.59234
2006	3	28	0	0	0	0.62611
2006	3	29	0	0	0	0.65124
2006	3	30	0	0	0	0.67779
2006	3	31	0	0	0	0.70417
2006	4	1	0	0	0	0.71378
2006	4	2	0	0	0	0.77334
2006	4	3	0	0	0	0.80285
2006	4	4	0	0	0	0.8792
2006	4	5	0	0	0	0.9326
2006	4	6	0	0	0	1.1045
2006	4	7	0	0	0	1.4461
2006	4	8	0	0	0	1.7485
2006	4	9	0	0	0	1.8915
2006	4	10	0	0	0	1.9389
2006	4	11	0	0	0	1.9282
2006	4	12	0	0	0	1.8983
2006	4	13	0	0	0	1.8844
2006	4	14	0	0	0	1.9786
2006	4	15	0	0	0	2.0679
2006	4	16	0	0	0	2.1407
2006	4	17	0	0	0	2.1538
2006	4	18	0	0	0	2.1185
2006	4	19	0	0	0	2.0238
2006	4	20	0	0	0	1.8674
2006	4	21	0	0	0	1.7673
2006	4	22	0	0	0	1.7523
2006	4	23	0	0	0	1.8369
2006	4	24	0	0	0	1.9642
2006	4	25	0	0	0	2.059
2006	4	26	0	0	0	2.0599
2006	4	27	0	0	0	2.0272
2006	4	28	0	0	0	2.0651
2006	4	29	0	0	0	2.2044
2006	4	30	0	0	0	2.6116
2006	5	1	0	0	0	2.7695
2006	5	2	0	0	0	2.8638
2006	5	3	0	0	0	2.7774
2006	5	4	0	0	0	2.564
2006	5	5	0	0	0	2.4096
2006	5	6	0	0	0	2.3215
2006	5	7	0	0	0	2.3301
2006	5	8	0	0	0	2.2993
2006	5	9	0	0	0	2.3197
2006	5	10	0	0	0	2.2672
2006	5	11	0	0	0	2.1546
2006	5	12	0	0	0	2.0835
2006	5	13	0	0	0	2.0504
2006	5	14	0	0	0	2.0932
2006	5	15	0	0	0	2.249
2006	5	16	0	0	0	2.6242
2006	5	17	0	0	0	3.303
2006	5	18	0	0	0	4.1717
2006	5	19	0	0	0	5.0733
2006	5	20	0	0	0	5.5745
2006	5	21	0	0	0	5.7984
2006	5	22	0	0	0	5.7542
2006	5	23	0	0	0	5.5859
2006	5	24	0	0	0	5.2687
2006	5	25	0	0	0	4.9285
2006	5	26	0	0	0	4.6448
2006	5	27	0	0	0	4.3017
2006	5	28	0	0	0	4.0405
2006	5	29	0	0	0	3.8435
2006	5	30	0	0	0	3.4537
2006	5	31	0	0	0	3.1842
2006	6	1	0	0	0	3.0359
2006	6	2	0	0	0	2.9617
2006	6	3	0	0	0	3.0125
2006	6	4	0	0	0	3.251
2006	6	5	0	0	0	3.3914
2006	6	6	0	0	0	3.3505
2006	6	7	0	0	0	3.3168
2006	6	8	0	0	0	3.2841
2006	6	9	0	0	0	3.1912
2006	6	10	0	0	0	3.234
2006	6	11	0	0	0	3.3309
2006	6	12	0	0	0	3.2277
2006	6	13	0	0	0	3.1118
2006	6	14	0	0	0	3.0632
2006	6	15	0	0	0	3.1589
2006	6	16	0	0	0	3.3201
2006	6	17	0	0	0	3.6487
2006	6	18	0	0	0	3.6767
2006	6	19	0	0	0	3.4025
2006	6	20	0	0	0	3.1115
2006	6	21	0	0	0	2.7224
2006	6	22	0	0	0	2.4504
2006	6	23	0	0	0	2.2037
2006	6	24	0	0	0	2.0046
2006	6	25	0	0	0	1.8346
2006	6	26	0	0	0	1.6671
2006	6	27	0	0	0	1.6039
2006	6	28	0	0	0	1.5963
2006	6	29	0	0	0	1.5227
2006	6	30	0	0	0	1.4965
2006	7	1	0	0	0	1.3279
2006	7	2	0	0	0	1.2503
2006	7	3	0	0	0	1.1487
2006	7	4	0	0	0	1.0684
2006	7	5	0	0	0	1.0323
2006	7	6	0	0	0	0.97402
2006	7	7	0	0	0	0.89607
2006	7	8	0	0	0	0.87479
2006	7	9	0	0	0	0.85703
2006	7	10	0	0	0	0.84774
2006	7	11	0	0	0	0.789
2006	7	12	0	0	0	0.74196
2006	7	13	0	0	0	0.71225
2006	7	14	0	0	0	0.68634
2006	7	15	0	0	0	0.66217
2006	7	16	0	0	0	0.63181
2006	7	17	0	0	0	0.5834
2006	7	18	0	0	0	0.57552
2006	7	19	0	0	0	0.54808
2006	7	20	0	0	0	0.50034
2006	7	21	0	0	0	0.49046
2006	7	22	0	0	0	0.46279
2006	7	23	0	0	0	0.44015
2006	7	24	0	0	0	0.47696
2006	7	25	0	0	0	0.48863
2006	7	26	0	0	0	0.4211
2006	7	27	0	0	0	0.45428
2006	7	28	0	0	0	0.40221
2006	7	29	0	0	0	0.37539
2006	7	30	0	0	0	0.35845
2006	7	31	0	0	0	0.33987
2006	8	1	0	0	0	0.32164
2006	8	2	0	0	0	0.30669
2006	8	3	0	0	0	0.29873
2006	8	4	0	0	0	0.33737
2006	8	5	0	0	0	0.29939
2006	8	6	0	0	0	0.27929
2006	8	7	0	0	0	0.27316
2006	8	8	0	0	0	0.27355
2006	8	9	0	0	0	0.27457
2006	8	10	0	0	0	0.27652
2006	8	11	0	0	0	0.28339
2006	8	12	0	0	0	0.26832
2006	8	13	0	0	0	0.25958
2006	8	14	0	0	0	0.25208
2006	8	15	0	0	0	0.24872
2006	8	16	0	0	0	0.24779
2006	8	17	0	0	0	0.24439
2006	8	18	0	0	0	0.24049
2006	8	19	0	0	0	0.2442
2006	8	20	0	0	0	0.24443
2006	8	21	0	0	0	0.24123
2006	8	22	0	0	0	0.23467
2006	8	23	0	0	0	0.22663
2006	8	24	0	0	0	0.22183
2006	8	25	0	0	0	0.21652
2006	8	26	0	0	0	0.21465
2006	8	27	0	0	0	0.22327
2006	8	28	0	0	0	0.22589
2006	8	29	0	0	0	0.22113
2006	8	30	0	0	0	0.21922
2006	8	31	0	0	0	0.21551
2006	9	1	0	0	0	0.20786
2006	9	2	0	0	0	0.21773
2006	9	3	0	0	0	0.21441
2006	9	4	0	0	0	0.21449
2006	9	5	0	0	0	0.21676
2006	9	6	0	0	0	0.20719
2006	9	7	0	0	0	0.20071
2006	9	8	0	0	0	0.19693
2006	9	9	0	0	0	0.18861
2006	9	10	0	0	0	0.18248
2006	9	11	0	0	0	0.18287
2006	9	12	0	0	0	0.18198
2006	9	13	0	0	0	0.17893
2006	9	14	0	0	0	0.17987
2006	9	15	0	0	0	0.18233
2006	9	16	0	0	0	0.19084
2006	9	17	0	0	0	0.19626
2006	9	18	0	0	0	0.20317
2006	9	19	0	0	0	0.21004
2006	9	20	0	0	0	0.20938
2006	9	21	0	0	0	0.21637
2006	9	22	0	0	0	0.21746
2006	9	23	0	0	0	0.22339
2006	9	24	0	0	0	0.22765
2006	9	25	0	0	0	0.22757
2006	9	26	0	0	0	0.22671
2006	9	27	0	0	0	0.22999
2006	9	28	0	0	0	0.22417
2006	9	29	0	0	0	0.21726
2006	9	30	0	0	0	0.21578
2006	10	1	0	0	0	0.20419
2006	10	2	0	0	0	0.19736
2006	10	3	0	0	0	0.19626
2006	10	4	0	0	0	0.19907
2006	10	5	0	0	0	0.1972
2006	10	6	0	0	0	0.19603
2006	10	7	0	0	0	0.20153
2006	10	8	0	0	0	0.20106
2006	10	9	0	0	0	0.19619
2006	10	10	0	0	0	0.19767
2006	10	11	0	0	0	0.19989
2006	10	12	0	0	0	0.21082
2006	10	13	0	0	0	0.21473
2006	10	14	0	0	0	0.21683
2006	10	15	0	0	0	0.22074
2006	10	16	0	0	0	0.24252
2006	10	17	0	0	0	0.24912
2006	10	18	0	0	0	0.26375
2006	10	19	0	0	0	0.26801
2006	10	20	0	0	0	0.26703
2006	10	21	0	0	0	0.26976
2006	10	22	0	0	0	0.27652
2006	10	23	0	0	0	0.27991
2006	10	24	0	0	0	0.27332
2006	10	25	0	0	0	0.26387
2006	10	26	0	0	0	0.25431
2006	10	27	0	0	0	0.24779
2006	10	28	0	0	0	0.24182
2006	10	29	0	0	0	0.2362
2006	10	30	0	0	0	0.23057
2006	10	31	0	0	0	0.2237
2006	11	1	0	0	0	0.33144
2006	11	2	0	0	0	0.32695
2006	11	3	0	0	0	0.33936
2006	11	4	0	0	0	0.3547
2006	11	5	0	0	0	0.39928
2006	11	6	0	0	0	0.50697
2006	11	7	0	0	0	0.78478
2006	11	8	0	0	0	1.1939
2006	11	9	0	0	0	1.9741
2006	11	10	0	0	0	2.3651
2006	11	11	0	0	0	1.9535
2006	11	12	0	0	0	1.5933
2006	11	13	0	0	0	1.3646
2006	11	14	0	0	0	1.1962
2006	11	15	0	0	0	1.0828
2006	11	16	0	0	0	1.0043
2006	11	17	0	0	0	0.9668
2006	11	18	0	0	0	0.8929
2006	11	19	0	0	0	0.86335
2006	11	20	0	0	0	0.85141
2006	11	21	0	0	0	0.8342
2006	11	22	0	0	0	0.86581
2006	11	23	0	0	0	0.8906
2006	11	24	0	0	0	0.88658
2006	11	25	0	0	0	0.84267
2006	11	26	0	0	0	0.84481
2006	11	27	0	0	0	0.80035
2006	11	28	0	0	0	0.72853
2006	11	29	0	0	0	0.6836
2006	11	30	0	0	0	0.63622
2006	12	1	0	0	0	0.61518
2006	12	2	0	0	0	0.59101
2006	12	3	0	0	0	0.57841
2006	12	4	0	0	0	0.5763
2006	12	5	0	0	0	0.5731
2006	12	6	0	0	0	0.55588
2006	12	7	0	0	0	0.54956
2006	12	8	0	0	0	0.53754
2006	12	9	0	0	0	0.52134
2006	12	10	0	0	0	0.50537
2006	12	11	0	0	0	0.5108
2006	12	12	0	0	0	0.506
2006	12	13	0	0	0	0.54456
2006	12	14	0	0	0	0.55268
2006	12	15	0	0	0	0.60288
2006	12	16	0	0	0	0.59972
2006	12	17	0	0	0	0.57669
2006	12	18	0	0	0	0.51642
2006	12	19	0	0	0	0.44959
2006	12	20	0	0	0	0.40939
2006	12	21	0	0	0	0.40431
2006	12	22	0	0	0	0.43945
2006	12	23	0	0	0	0.438
2006	12	24	0	0	0	0.47134
2006	12	25	0	0	0	0.47079
2006	12	26	0	0	0	0.48312
2006	12	27	0	0	0	0.48184
2006	12	28	0	0	0	0.48672
2006	12	29	0	0	0	0.48539
2006	12	30	0	0	0	0.46798
2006	12	31	0	0	0	0.43492
2007	1	1	0	0	0	0.39897
2007	1	2	0	0	0	0.41345
2007	1	3	0	0	0	0.44589
2007	1	4	0	0	0	0.47251
2007	1	5	0	0	0	0.50592
2007	1	6	0	0	0	0.50229
2007	1	7	0	0	0	0.49612
2007	1	8	0	0	0	0.48941
2007	1	9	0	0	0	0.47102
2007	1	10	0	0	0	0.46962
2007	1	11	0	0	0	0.44382
2007	1	12	0	0	0	0.42309
2007	1	13	0	0	0	0.401
2007	1	14	0	0	0	0.38593
2007	1	15	0	0	0	0.37129
2007	1	16	0	0	0	0.38261
2007	1	17	0	0	0	0.38378
2007	1	18	0	0	0	0.41353
2007	1	19	0	0	0	0.4204
2007	1	20	0	0	0	0.43023
2007	1	21	0	0	0	0.43761
2007	1	22	0	0	0	0.43351
2007	1	23	0	0	0	0.43012
2007	1	24	0	0	0	0.43176
2007	1	25	0	0	0	0.41411
2007	1	26	0	0	0	0.41302
2007	1	27	0	0	0	0.3821
2007	1	28	0	0	0	0.3679
2007	1	29	0	0	0	0.3453
2007	1	30	0	0	0	0.32765
2007	1	31	0	0	0	0.32874
2007	2	1	0	0	0	0.35053
2007	2	2	0	0	0	0.33128
2007	2	3	0	0	0	0.30958
2007	2	4	0	0	0	0.31715
2007	2	5	0	0	0	0.307
2007	2	6	0	0	0	0.31934
2007	2	7	0	0	0	0.3387
2007	2	8	0	0	0	0.33796
2007	2	9	0	0	0	0.35615
2007	2	10	0	0	0	0.36891
2007	2	11	0	0	0	0.36477
2007	2	12	0	0	0	0.40014
2007	2	13	0	0	0	0.38488
2007	2	14	0	0	0	0.39428
2007	2	15	0	0	0	0.39452
2007	2	16	0	0	0	0.36766
2007	2	17	0	0	0	0.40467
2007	2	18	0	0	0	0.44702
2007	2	19	0	0	0	0.44885
2007	2	20	0	0	0	0.46173
2007	2	21	0	0	0	0.47204
2007	2	22	0	0	0	0.47817
2007	2	23	0	0	0	0.47653
2007	2	24	0	0	0	0.47372
2007	2	25	0	0	0	0.47949
2007	2	26	0	0	0	0.46439
2007	2	27	0	0	0	0.4542
2007	2	28	0	0	0	0.45147
2007	3	1	0	0	0	0.41388
2007	3	2	0	0	0	0.38792
2007	3	3	0	0	0	0.38007
2007	3	4	0	0	0	0.37765
2007	3	5	0	0	0	0.37457
2007	3	6	0	0	0	0.36544
2007	3	7	0	0	0	0.38523
2007	3	8	0	0	0	0.42137
2007	3	9	0	0	0	0.46653
2007	3	10	0	0	0	0.49886
2007	3	11	0	0	0	0.59757
2007	3	12	0	0	0	0.86238
2007	3	13	0	0	0	1.2076
2007	3	14	0	0	0	1.3717
2007	3	15	0	0	0	1.5259
2007	3	16	0	0	0	1.516
2007	3	17	0	0	0	1.385
2007	3	18	0	0	0	1.3789
2007	3	19	0	0	0	1.4473
2007	3	20	0	0	0	1.6251
2007	3	21	0	0	0	1.8465
2007	3	22	0	0	0	1.856
2007	3	23	0	0	0	1.7526
2007	3	24	0	0	0	1.827
2007	3	25	0	0	0	2.0891
2007	3	26	0	0	0	2.2712
2007	3	27	0	0	0	2.3649
2007	3	28	0	0	0	2.4009
2007	3	29	0	0	0	2.2457
2007	3	30	0	0	0	2.1087
2007	3	31	0	0	0	1.9896
2007	4	1	0	0	0	1.6721
2007	4	2	0	0	0	1.562
2007	4	3	0	0	0	1.5086
2007	4	4	0	0	0	1.4066
2007	4	5	0	0	0	1.3494
2007	4	6	0	0	0	1.2691
2007	4	7	0	0	0	1.2282
2007	4	8	0	0	0	1.2192
2007	4	9	0	0	0	1.2752
2007	4	10	0	0	0	1.3074
2007	4	11	0	0	0	1.3596
2007	4	12	0	0	0	1.3555
2007	4	13	0	0	0	1.3303
2007	4	14	0	0	0	1.2889
2007	4	15	0	0	0	1.2713
2007	4	16	0	0	0	1.2683
2007	4	17	0	0	0	1.2571
2007	4	18	0	0	0	1.285
2007	4	19	0	0	0	1.3328
2007	4	20	0	0	0	1.3437
2007	4	21	0	0	0	1.3407
2007	4	22	0	0	0	1.3008
2007	4	23	0	0	0	1.2549
2007	4	24	0	0	0	1.2511
2007	4	25	0	0	0	1.2813
2007	4	26	0	0	0	1.3735
2007	4	27	0	0	0	1.4521
2007	4	28	0	0	0	1.588
2007	4	29	0	0	0	1.6997
2007	4	30	0	0	0	1.851
2007	5	1	0	0	0	2.0913
2007	5	2	0	0	0	2.2774
2007	5	3	0	0	0	2.5205
2007	5	4	0	0	0	2.7325
2007	5	5	0	0	0	2.8357
2007	5	6	0	0	0	2.6206
2007	5	7	0	0	0	2.3647
2007	5	8	0	0	0	2.1879
2007	5	9	0	0	0	2.2158
2007	5	10	0	0	0	2.3793
2007	5	11	0	0	0	2.719
2007	5	12	0	0	0	3.0814
2007	5	13	0	0	0	3.2901
2007	5	14	0	0	0	3.3727
2007	5	15	0	0	0	3.3458
2007	5	16	0	0	0	3.161
2007	5	17	0	0	0	2.9982
2007	5	18	0	0	0	3.081
2007	5	19	0	0	0	3.094
2007	5	20	0	0	0	3.199
2007	5	21	0	0	0	3.1522
2007	5	22	0	0	0	2.9469
2007	5	23	0	0	0	2.7302
2007	5	24	0	0	0	2.5421
2007	5	25	0	0	0	2.3411
2007	5	26	0	0	0	2.1174
2007	5	27	0	0	0	2.0439
2007	5	28	0	0	0	2.0422
2007	5	29	0	0	0	2.0202
2007	5	30	0	0	0	2.0849
2007	5	31	0	0	0	2.0905
2007	6	1	0	0	0	2.1002
2007	6	2	0	0	0	2.1562
2007	6	3	0	0	0	2.2404
2007	6	4	0	0	0	2.3393
2007	6	5	0	0	0	2.4798
2007	6	6	0	0	0	2.546
2007	6	7	0	0	0	2.5881
2007	6	8	0	0	0	2.6017
2007	6	9	0	0	0	2.506
2007	6	10	0	0	0	2.309
2007	6	11	0	0	0	2.1434
2007	6	12	0	0	0	2.0754
2007	6	13	0	0	0	2.0359
2007	6	14	0	0	0	1.9635
2007	6	15	0	0	0	1.8347
2007	6	16	0	0	0	1.7434
2007	6	17	0	0	0	1.6399
2007	6	18	0	0	0	1.5491
2007	6	19	0	0	0	1.5246
2007	6	20	0	0	0	1.4433
2007	6	21	0	0	0	1.3672
2007	6	22	0	0	0	1.3224
2007	6	23	0	0	0	1.3156
2007	6	24	0	0	0	1.2747
2007	6	25	0	0	0	1.2568
2007	6	26	0	0	0	1.2211
2007	6	27	0	0	0	1.1375
2007	6	28	0	0	0	1.0805
2007	6	29	0	0	0	1.0026
2007	6	30	0	0	0	0.94142
2007	7	1	0	0	0	0.9134
2007	7	2	0	0	0	0.8639
2007	7	3	0	0	0	0.84438
2007	7	4	0	0	0	0.8041
2007	7	5	0	0	0	0.76358
2007	7	6	0	0	0	0.73728
2007	7	7	0	0	0	0.71397
2007	7	8	0	0	0	0.68774
2007	7	9	0	0	0	0.65507
2007	7	10	0	0	0	0.61471
2007	7	11	0	0	0	0.58551
2007	7	12	0	0	0	0.55081
2007	7	13	0	0	0	0.52918
2007	7	14	0	0	0	0.506
2007	7	15	0	0	0	0.48285
2007	7	16	0	0	0	0.47403
2007	7	17	0	0	0	0.45904
2007	7	18	0	0	0	0.45287
2007	7	19	0	0	0	0.44952
2007	7	20	0	0	0	0.43386
2007	7	21	0	0	0	0.42266
2007	7	22	0	0	0	0.41497
2007	7	23	0	0	0	0.40529
2007	7	24	0	0	0	0.39362
2007	7	25	0	0	0	0.37988
2007	7	26	0	0	0	0.37121
2007	7	27	0	0	0	0.36345
2007	7	28	0	0	0	0.35435
2007	7	29	0	0	0	0.34042
2007	7	30	0	0	0	0.32629
2007	7	31	0	0	0	0.3177
2007	8	1	0	0	0	0.29986
2007	8	2	0	0	0	0.28218
2007	8	3	0	0	0	0.26489
2007	8	4	0	0	0	0.25571
2007	8	5	0	0	0	0.24732
2007	8	6	0	0	0	0.23417
2007	8	7	0	0	0	0.22901
2007	8	8	0	0	0	0.22327
2007	8	9	0	0	0	0.21734
2007	8	10	0	0	0	0.20848
2007	8	11	0	0	0	0.20594
2007	8	12	0	0	0	0.2029
2007	8	13	0	0	0	0.19935
2007	8	14	0	0	0	0.19724
2007	8	15	0	0	0	0.19529
2007	8	16	0	0	0	0.18963
2007	8	17	0	0	0	0.18487
2007	8	18	0	0	0	0.17452
2007	8	19	0	0	0	0.1776
2007	8	20	0	0	0	0.18889
2007	8	21	0	0	0	0.19533
2007	8	22	0	0	0	0.1981
2007	8	23	0	0	0	0.19736
2007	8	24	0	0	0	0.19552
2007	8	25	0	0	0	0.19111
2007	8	26	0	0	0	0.18959
2007	8	27	0	0	0	0.18729
2007	8	28	0	0	0	0.18241
2007	8	29	0	0	0	0.18042
2007	8	30	0	0	0	0.17952
2007	8	31	0	0	0	0.178
2007	9	1	0	0	0	0.16012
2007	9	2	0	0	0	0.15781
2007	9	3	0	0	0	0.16129
2007	9	4	0	0	0	0.16285
2007	9	5	0	0	0	0.16047
2007	9	6	0	0	0	0.15372
2007	9	7	0	0	0	0.14735
2007	9	8	0	0	0	0.14103
2007	9	9	0	0	0	0.13955
2007	9	10	0	0	0	0.14232
2007	9	11	0	0	0	0.14778
2007	9	12	0	0	0	0.14895
2007	9	13	0	0	0	0.14653
2007	9	14	0	0	0	0.14322
2007	9	15	0	0	0	0.14267
2007	9	16	0	0	0	0.14111
2007	9	17	0	0	0	0.14193
2007	9	18	0	0	0	0.14177
2007	9	19	0	0	0	0.14689
2007	9	20	0	0	0	0.15059
2007	9	21	0	0	0	0.15578
2007	9	22	0	0	0	0.16102
2007	9	23	0	0	0	0.17093
2007	9	24	0	0	0	0.17928
2007	9	25	0	0	0	0.18139
2007	9	26	0	0	0	0.18877
2007	9	27	0	0	0	0.19888
2007	9	28	0	0	0	0.19669
2007	9	29	0	0	0	0.19638
2007	9	30	0	0	0	0.19244
2007	10	1	0	0	0	0.21473
2007	10	2	0	0	0	0.22983
2007	10	3	0	0	0	0.25173
2007	10	4	0	0	0	0.26254
2007	10	5	0	0	0	0.26816
2007	10	6	0	0	0	0.26621
2007	10	7	0	0	0	0.26528
2007	10	8	0	0	0	0.25802
2007	10	9	0	0	0	0.25075
2007	10	10	0	0	0	0.24088
2007	10	11	0	0	0	0.23983
2007	10	12	0	0	0	0.24189
2007	10	13	0	0	0	0.24123
2007	10	14	0	0	0	0.24712
2007	10	15	0	0	0	0.27094
2007	10	16	0	0	0	0.30329
2007	10	17	0	0	0	0.30669
2007	10	18	0	0	0	0.30673
2007	10	19	0	0	0	0.31305
2007	10	20	0	0	0	0.31625
2007	10	21	0	0	0	0.33425
2007	10	22	0	0	0	0.33597
2007	10	23	0	0	0	0.34034
2007	10	24	0	0	0	0.33409
2007	10	25	0	0	0	0.33764
2007	10	26	0	0	0	0.31649
2007	10	27	0	0	0	0.32859
2007	10	28	0	0	0	0.33327
2007	10	29	0	0	0	0.33546
2007	10	30	0	0	0	0.33398
2007	10	31	0	0	0	0.33202
2007	11	1	0	0	0	0.34588
2007	11	2	0	0	0	0.33023
2007	11	3	0	0	0	0.31493
2007	11	4	0	0	0	0.30415
2007	11	5	0	0	0	0.29756
2007	11	6	0	0	0	0.29377
2007	11	7	0	0	0	0.29381
2007	11	8	0	0	0	0.29147
2007	11	9	0	0	0	0.28885
2007	11	10	0	0	0	0.28538
2007	11	11	0	0	0	0.28347
2007	11	12	0	0	0	0.29537
2007	11	13	0	0	0	0.30817
2007	11	14	0	0	0	0.30747
2007	11	15	0	0	0	0.307
2007	11	16	0	0	0	0.31739
2007	11	17	0	0	0	0.32277
2007	11	18	0	0	0	0.33304
2007	11	19	0	0	0	0.35416
2007	11	20	0	0	0	0.37996
2007	11	21	0	0	0	0.38214
2007	11	22	0	0	0	0.36142
2007	11	23	0	0	0	0.33526
2007	11	24	0	0	0	0.30685
2007	11	25	0	0	0	0.2821
2007	11	26	0	0	0	0.27031
2007	11	27	0	0	0	0.26309
2007	11	28	0	0	0	0.26559
2007	11	29	0	0	0	0.27257
2007	11	30	0	0	0	0.27499
2007	12	1	0	0	0	0.31676
2007	12	2	0	0	0	0.35548
2007	12	3	0	0	0	0.41528
2007	12	4	0	0	0	0.44393
2007	12	5	0	0	0	0.48972
2007	12	6	0	0	0	0.52587
2007	12	7	0	0	0	0.53512
2007	12	8	0	0	0	0.50565
2007	12	9	0	0	0	0.47208
2007	12	10	0	0	0	0.4316
2007	12	11	0	0	0	0.40314
2007	12	12	0	0	0	0.37929
2007	12	13	0	0	0	0.39077
2007	12	14	0	0	0	0.38253
2007	12	15	0	0	0	0.38558
2007	12	16	0	0	0	0.38167
2007	12	17	0	0	0	0.39104
2007	12	18	0	0	0	0.39783
2007	12	19	0	0	0	0.40104
2007	12	20	0	0	0	0.41173
2007	12	21	0	0	0	0.39389
2007	12	22	0	0	0	0.37617
2007	12	23	0	0	0	0.36786
2007	12	24	0	0	0	0.36286
2007	12	25	0	0	0	0.35127
2007	12	26	0	0	0	0.35681
2007	12	27	0	0	0	0.35818
2007	12	28	0	0	0	0.35197
2007	12	29	0	0	0	0.34143
2007	12	30	0	0	0	0.33491
2007	12	31	0	0	0	0.3346
2008	1	1	0	0	0	0.34003
2008	1	2	0	0	0	0.33538
2008	1	3	0	0	0	0.33206
2008	1	4	0	0	0	0.33874
2008	1	5	0	0	0	0.35435
2008	1	6	0	0	0	0.36321
2008	1	7	0	0	0	0.3752
2008	1	8	0	0	0	0.36399
2008	1	9	0	0	0	0.35006
2008	1	10	0	0	0	0.32789
2008	1	11	0	0	0	0.34276
2008	1	12	0	0	0	0.34569
2008	1	13	0	0	0	0.31758
2008	1	14	0	0	0	0.31395
2008	1	15	0	0	0	0.30244
2008	1	16	0	0	0	0.27913
2008	1	17	0	0	0	0.27726
2008	1	18	0	0	0	0.27468
2008	1	19	0	0	0	0.27418
2008	1	20	0	0	0	0.27105
2008	1	21	0	0	0	0.25837
2008	1	22	0	0	0	0.26543
2008	1	23	0	0	0	0.25544
2008	1	24	0	0	0	0.25954
2008	1	25	0	0	0	0.26106
2008	1	26	0	0	0	0.26937
2008	1	27	0	0	0	0.28425
2008	1	28	0	0	0	0.2956
2008	1	29	0	0	0	0.31758
2008	1	30	0	0	0	0.325
2008	1	31	0	0	0	0.33792
2008	2	1	0	0	0	0.30294
2008	2	2	0	0	0	0.28581
2008	2	3	0	0	0	0.29424
2008	2	4	0	0	0	0.2862
2008	2	5	0	0	0	0.27652
2008	2	6	0	0	0	0.27008
2008	2	7	0	0	0	0.27254
2008	2	8	0	0	0	0.27714
2008	2	9	0	0	0	0.28815
2008	2	10	0	0	0	0.28296
2008	2	11	0	0	0	0.2812
2008	2	12	0	0	0	0.28542
2008	2	13	0	0	0	0.29381
2008	2	14	0	0	0	0.30544
2008	2	15	0	0	0	0.304
2008	2	16	0	0	0	0.29155
2008	2	17	0	0	0	0.28144
2008	2	18	0	0	0	0.30357
2008	2	19	0	0	0	0.30439
2008	2	20	0	0	0	0.29502
2008	2	21	0	0	0	0.28202
2008	2	22	0	0	0	0.27535
2008	2	23	0	0	0	0.27425
2008	2	24	0	0	0	0.28397
2008	2	25	0	0	0	0.2837
2008	2	26	0	0	0	0.28592
2008	2	27	0	0	0	0.28315
2008	2	28	0	0	0	0.28838
2008	2	29	0	0	0	0.29291
2008	3	1	0	0	0	0.34697
2008	3	2	0	0	0	0.3517
2008	3	3	0	0	0	0.35946
2008	3	4	0	0	0	0.36048
2008	3	5	0	0	0	0.35982
2008	3	6	0	0	0	0.35962
2008	3	7	0	0	0	0.35677
2008	3	8	0	0	0	0.35275
2008	3	9	0	0	0	0.34764
2008	3	10	0	0	0	0.34768
2008	3	11	0	0	0	0.35974
2008	3	12	0	0	0	0.37922
2008	3	13	0	0	0	0.38679
2008	3	14	0	0	0	0.39057
2008	3	15	0	0	0	0.40092
2008	3	16	0	0	0	0.41107
2008	3	17	0	0	0	0.3919
2008	3	18	0	0	0	0.38843
2008	3	19	0	0	0	0.38386
2008	3	20	0	0	0	0.37683
2008	3	21	0	0	0	0.37531
2008	3	22	0	0	0	0.36633
2008	3	23	0	0	0	0.3832
2008	3	24	0	0	0	0.40463
2008	3	25	0	0	0	0.39604
2008	3	26	0	0	0	0.38769
2008	3	27	0	0	0	0.38761
2008	3	28	0	0	0	0.38316
2008	3	29	0	0	0	0.38773
2008	3	30	0	0	0	0.38495
2008	3	31	0	0	0	0.3775
2008	4	1	0	0	0	0.34904
2008	4	2	0	0	0	0.32785
2008	4	3	0	0	0	0.32308
2008	4	4	0	0	0	0.32465
2008	4	5	0	0	0	0.32835
2008	4	6	0	0	0	0.32683
2008	4	7	0	0	0	0.34381
2008	4	8	0	0	0	0.3558
2008	4	9	0	0	0	0.35236
2008	4	10	0	0	0	0.36516
2008	4	11	0	0	0	0.36025
2008	4	12	0	0	0	0.38312
2008	4	13	0	0	0	0.42715
2008	4	14	0	0	0	0.55382
2008	4	15	0	0	0	0.65831
2008	4	16	0	0	0	0.72869
2008	4	17	0	0	0	0.81542
2008	4	18	0	0	0	0.86718
2008	4	19	0	0	0	0.88268
2008	4	20	0	0	0	0.84204
2008	4	21	0	0	0	0.83506
2008	4	22	0	0	0	0.81523
2008	4	23	0	0	0	0.78447
2008	4	24	0	0	0	0.77166
2008	4	25	0	0	0	0.75484
2008	4	26	0	0	0	0.73852
2008	4	27	0	0	0	0.75195
2008	4	28	0	0	0	0.7459
2008	4	29	0	0	0	0.9125
2008	4	30	0	0	0	1.0203
2008	5	1	0	0	0	1.1158
2008	5	2	0	0	0	1.1873
2008	5	3	0	0	0	1.2312
2008	5	4	0	0	0	1.2998
2008	5	5	0	0	0	1.4228
2008	5	6	0	0	0	1.7004
2008	5	7	0	0	0	2.0521
2008	5	8	0	0	0	2.3625
2008	5	9	0	0	0	2.4618
2008	5	10	0	0	0	2.4559
2008	5	11	0	0	0	2.3803
2008	5	12	0	0	0	2.3199
2008	5	13	0	0	0	2.2714
2008	5	14	0	0	0	2.2477
2008	5	15	0	0	0	2.2897
2008	5	16	0	0	0	2.5925
2008	5	17	0	0	0	3.27
2008	5	18	0	0	0	4.3128
2008	5	19	0	0	0	5.5357
2008	5	20	0	0	0	6.581
2008	5	21	0	0	0	6.9858
2008	5	22	0	0	0	6.8333
2008	5	23	0	0	0	6.2056
2008	5	24	0	0	0	5.6646
2008	5	25	0	0	0	5.363
2008	5	26	0	0	0	5.2444
2008	5	27	0	0	0	5.1261
2008	5	28	0	0	0	4.8796
2008	5	29	0	0	0	4.739
2008	5	30	0	0	0	4.6924
2008	5	31	0	0	0	4.7781
2008	6	1	0	0	0	4.7205
2008	6	2	0	0	0	4.8326
2008	6	3	0	0	0	4.7692
2008	6	4	0	0	0	4.6676
2008	6	5	0	0	0	4.3922
2008	6	6	0	0	0	4.208
2008	6	7	0	0	0	3.902
2008	6	8	0	0	0	3.6277
2008	6	9	0	0	0	3.4321
2008	6	10	0	0	0	3.3051
2008	6	11	0	0	0	3.152
2008	6	12	0	0	0	3.0826
2008	6	13	0	0	0	3.0365
2008	6	14	0	0	0	3.1118
2008	6	15	0	0	0	3.1766
2008	6	16	0	0	0	3.3691
2008	6	17	0	0	0	3.5316
2008	6	18	0	0	0	3.6863
2008	6	19	0	0	0	3.807
2008	6	20	0	0	0	3.7129
2008	6	21	0	0	0	3.5685
2008	6	22	0	0	0	3.5494
2008	6	23	0	0	0	3.6742
2008	6	24	0	0	0	3.7737
2008	6	25	0	0	0	3.7216
2008	6	26	0	0	0	3.4992
2008	6	27	0	0	0	3.3257
2008	6	28	0	0	0	3.2024
2008	6	29	0	0	0	3.0666
2008	6	30	0	0	0	2.9667
2008	7	1	0	0	0	2.8893
2008	7	2	0	0	0	2.8215
2008	7	3	0	0	0	2.7318
2008	7	4	0	0	0	2.7919
2008	7	5	0	0	0	2.6915
2008	7	6	0	0	0	2.5357
2008	7	7	0	0	0	2.3871
2008	7	8	0	0	0	2.215
2008	7	9	0	0	0	2.0342
2008	7	10	0	0	0	1.8612
2008	7	11	0	0	0	1.7004
2008	7	12	0	0	0	1.5521
2008	7	13	0	0	0	1.4321
2008	7	14	0	0	0	1.3347
2008	7	15	0	0	0	1.2352
2008	7	16	0	0	0	1.1527
2008	7	17	0	0	0	1.078
2008	7	18	0	0	0	1.0011
2008	7	19	0	0	0	0.95532
2008	7	20	0	0	0	0.90871
2008	7	21	0	0	0	0.86753
2008	7	22	0	0	0	0.8342
2008	7	23	0	0	0	0.79672
2008	7	24	0	0	0	0.7881
2008	7	25	0	0	0	0.7767
2008	7	26	0	0	0	0.74934
2008	7	27	0	0	0	0.71643
2008	7	28	0	0	0	0.67716
2008	7	29	0	0	0	0.64558
2008	7	30	0	0	0	0.61127
2008	7	31	0	0	0	0.58793
2008	8	1	0	0	0	0.5656
2008	8	2	0	0	0	0.55456
2008	8	3	0	0	0	0.53898
2008	8	4	0	0	0	0.51619
2008	8	5	0	0	0	0.5101
2008	8	6	0	0	0	0.4905
2008	8	7	0	0	0	0.47192
2008	8	8	0	0	0	0.45545
2008	8	9	0	0	0	0.43398
2008	8	10	0	0	0	0.41891
2008	8	11	0	0	0	0.40642
2008	8	12	0	0	0	0.39932
2008	8	13	0	0	0	0.39912
2008	8	14	0	0	0	0.38757
2008	8	15	0	0	0	0.38023
2008	8	16	0	0	0	0.37765
2008	8	17	0	0	0	0.36797
2008	8	18	0	0	0	0.36583
2008	8	19	0	0	0	0.35985
2008	8	20	0	0	0	0.35318
2008	8	21	0	0	0	0.37203
2008	8	22	0	0	0	0.39768
2008	8	23	0	0	0	0.41212
2008	8	24	0	0	0	0.40888
2008	8	25	0	0	0	0.40783
2008	8	26	0	0	0	0.40088
2008	8	27	0	0	0	0.38601
2008	8	28	0	0	0	0.37992
2008	8	29	0	0	0	0.38386
2008	8	30	0	0	0	0.37715
2008	8	31	0	0	0	0.37535
2008	9	1	0	0	0	0.4042
2008	9	2	0	0	0	0.40349
2008	9	3	0	0	0	0.43285
2008	9	4	0	0	0	0.44963
2008	9	5	0	0	0	0.44167
2008	9	6	0	0	0	0.43218
2008	9	7	0	0	0	0.4186
2008	9	8	0	0	0	0.41033
2008	9	9	0	0	0	0.3969
2008	9	10	0	0	0	0.39034
2008	9	11	0	0	0	0.38148
2008	9	12	0	0	0	0.37387
2008	9	13	0	0	0	0.35966
2008	9	14	0	0	0	0.34561
2008	9	15	0	0	0	0.34088
2008	9	16	0	0	0	0.3385
2008	9	17	0	0	0	0.33421
2008	9	18	0	0	0	0.31821
2008	9	19	0	0	0	0.30509
2008	9	20	0	0	0	0.29947
2008	9	21	0	0	0	0.31157
2008	9	22	0	0	0	0.32223
2008	9	23	0	0	0	0.33323
2008	9	24	0	0	0	0.34967
2008	9	25	0	0	0	0.36044
2008	9	26	0	0	0	0.35786
2008	9	27	0	0	0	0.34756
2008	9	28	0	0	0	0.34639
2008	9	29	0	0	0	0.33526
2008	9	30	0	0	0	0.32133
2008	10	1	0	0	0	0.35223
2008	10	2	0	0	0	0.35223
2008	10	3	0	0	0	0.35223
2008	10	4	0	0	0	0.35223
2008	10	5	0	0	0	0.35223
2008	10	6	0	0	0	0.35223
2008	10	7	0	0	0	0.35223
2008	10	8	0	0	0	0.35223
2008	10	9	0	0	0	0.35223
2008	10	10	0	0	0	0.35223
2008	10	11	0	0	0	0.35223
2008	10	12	0	0	0	0.35223
2008	10	13	0	0	0	0.35223
2008	10	14	0	0	0	0.35223
2008	10	15	0	0	0	0.35223
2008	10	16	0	0	0	0.35223
2008	10	17	0	0	0	0.35223
2008	10	18	0	0	0	0.35223
2008	10	19	0	0	0	0.35223
2008	10	20	0	0	0	0.35223
2008	10	21	0	0	0	0.35223
2008	10	22	0	0	0	0.35223
2008	10	23	0	0	0	0.35223
2008	10	24	0	0	0	0.35223
2008	10	25	0	0	0	0.35223
2008	10	26	0	0	0	0.35223
2008	10	27	0	0	0	0.35223
2008	10	28	0	0	0	0.35223
2008	10	29	0	0	0	0.35223
2008	10	30	0	0	0	0.35223
2008	10	31	0	0	0	0.35223
2008	11	1	0	0	0	0.52459
2008	11	2	0	0	0	0.52459
2008	11	3	0	0	0	0.52459
2008	11	4	0	0	0	0.52459
2008	11	5	0	0	0	0.52459
2008	11	6	0	0	0	0.52459
2008	11	7	0	0	0	0.52459
2008	11	8	0	0	0	0.52459
2008	11	9	0	0	0	0.52459
2008	11	10	0	0	0	0.52459
2008	11	11	0	0	0	0.52459
2008	11	12	0	0	0	0.52459
2008	11	13	0	0	0	0.52459
2008	11	14	0	0	0	0.52459
2008	11	15	0	0	0	0.52459
2008	11	16	0	0	0	0.52459
2008	11	17	0	0	0	0.52459
2008	11	18	0	0	0	0.52459
2008	11	19	0	0	0	0.52459
2008	11	20	0	0	0	0.52459
2008	11	21	0	0	0	0.52459
2008	11	22	0	0	0	0.52459
2008	11	23	0	0	0	0.52459
2008	11	24	0	0	0	0.52459
2008	11	25	0	0	0	0.52459
2008	11	26	0	0	0	0.52459
2008	11	27	0	0	0	0.52459
2008	11	28	0	0	0	0.52459
2008	11	29	0	0	0	0.52459
2008	11	30	0	0	0	0.52459
2008	12	1	0	0	0	0.33499
2008	12	2	0	0	0	0.33499
2008	12	3	0	0	0	0.33499
2008	12	4	0	0	0	0.33499
2008	12	5	0	0	0	0.33499
2008	12	6	0	0	0	0.33499
2008	12	7	0	0	0	0.33499
2008	12	8	0	0	0	0.33499
2008	12	9	0	0	0	0.33499
2008	12	10	0	0	0	0.33499
2008	12	11	0	0	0	0.33499
2008	12	12	0	0	0	0.33499
2008	12	13	0	0	0	0.33499
2008	12	14	0	0	0	0.33499
2008	12	15	0	0	0	0.33499
2008	12	16	0	0	0	0.33499
2008	12	17	0	0	0	0.33499
2008	12	18	0	0	0	0.33499
2008	12	19	0	0	0	0.33499
2008	12	20	0	0	0	0.33499
2008	12	21	0	0	0	0.33499
2008	12	22	0	0	0	0.33499
2008	12	23	0	0	0	0.33499
2008	12	24	0	0	0	0.33499
2008	12	25	0	0	0	0.33499
2008	12	26	0	0	0	0.33499
2008	12	27	0	0	0	0.33499
2008	12	28	0	0	0	0.33499
2008	12	29	0	0	0	0.33499
2008	12	30	0	0	0	0.33499
2008	12	31	0	0	0	0.33499
