Year	Month	Day	Hour	Min	Sec	s1	s2	s3	s4
2001	10	1	0	0	0	13.3	9.6	8.1	19.8
2001	10	2	0	0	0	15.7	14	8.6	19.5
2001	10	3	0	0	0	12.7	8.6	6	20.6
2001	10	4	0	0	0	9.6	9.2	2.2	20.6
2001	10	5	0	0	0	4.1	2.3	-0.7	18.3
2001	10	6	0	0	0	4.9	2.6	2.4	16.8
2001	10	7	0	0	0	10.6	8.3	2.9	16.4
2001	10	8	0	0	0	10.9	8.8	2	17.8
2001	10	9	0	0	0	6.2	5.8	1.4	17.7
2001	10	10	0	0	0	6.2	6.9	-1.1	17.4
2001	10	11	0	0	0	8.3	7.4	2.2	16.4
2001	10	12	0	0	0	3.4	4.3	-1.3	19
2001	10	13	0	0	0	6.1	5.9	1.1	19.7
2001	10	14	0	0	0	6.6	6.1	-0.8	14.9
2001	10	15	0	0	0	5.4	2.6	-2.6	14
2001	10	16	0	0	0	4.2	2.9	0.6	17
2001	10	17	0	0	0	7.6	8	2.5	16.6
2001	10	18	0	0	0	3.3	1.4	-2.8	13.8
2001	10	19	0	0	0	4.5	5.7	0.4	15.3
2001	10	20	0	0	0	5.8	5.3	1.3	15.9
2001	10	21	0	0	0	3.6	3	0.4	15.5
2001	10	22	0	0	0	6.3	6.7	1	17.3
2001	10	23	0	0	0	5.7	5.2	0	17.6
2001	10	24	0	0	0	4	3.9	-1.8	20.9
2001	10	25	0	0	0	2.4	2.4	-1.2	19.4
2001	10	26	0	0	0	2.4	2.7	0.8	15.4
2001	10	27	0	0	0	4	0.7	2.6	16.9
2001	10	28	0	0	0	8.8	7.1	0.8	18.8
2001	10	29	0	0	0	6.3	3.8	-5.1	18.4
2001	10	30	0	0	0	7.8	6.8	1.1	15.6
2001	10	31	0	0	0	8.9	8.1	2.7	13.4
2001	11	1	0	0	0	6.1	4.1	-1	14.3
2001	11	2	0	0	0	6.1	6.3	0.5	16.4
2001	11	3	0	0	0	4.7	5.9	1.5	15.4
2001	11	4	0	0	0	1.7	2.6	2	9.8
2001	11	5	0	0	0	1.6	2.4	2.4	9.6
2001	11	6	0	0	0	4.2	0.3	-1.9	12.8
2001	11	7	0	0	0	3.2	0.5	-3.9	12
2001	11	8	0	0	0	-1.4	-2.6	-4.2	10.9
2001	11	9	0	0	0	-0.8	-1.1	-2.2	14.4
2001	11	10	0	0	0	-0.9	-2.4	-4.2	6.6
2001	11	11	0	0	0	-0.4	-1.8	-2.4	4.8
2001	11	12	0	0	0	1.3	-1	-1.1	2.6
2001	11	13	0	0	0	1.6	-1.4	0.2	6.8
2001	11	14	0	0	0	4.9	5.6	3.6	10
2001	11	15	0	0	0	3.2	7.9	5.2	11.3
2001	11	16	0	0	0	3.4	6.4	5.3	11
2001	11	17	0	0	0	4.4	6.7	3.3	7.6
2001	11	18	0	0	0	4.9	3.9	-0.6	4.6
2001	11	19	0	0	0	0.1	-1.1	-1.2	4.6
2001	11	20	0	0	0	3.2	2.1	0	5
2001	11	21	0	0	0	5.2	3.8	0.6	5.8
2001	11	22	0	0	0	2.3	2.6	-0.7	8.3
2001	11	23	0	0	0	3.6	3.4	-1.1	11.9
2001	11	24	0	0	0	1.3	2.3	-1.9	14.8
2001	11	25	0	0	0	1.8	0.7	-6.5	13.4
2001	11	26	0	0	0	-0.8	-2.1	-7.4	12
2001	11	27	0	0	0	-1.8	-3.2	-6.4	11.6
2001	11	28	0	0	0	-6.4	-3.5	-6.3	10.5
2001	11	29	0	0	0	-0.3	-1.6	-3.3	14.3
2001	11	30	0	0	0	0.2	0.4	-4.1	15.2
2001	12	1	0	0	0	1.6	0.3	-4.3	12.9
2001	12	2	0	0	0	3.2	3.2	-2.2	10.4
2001	12	3	0	0	0	1.3	1.2	-3.9	10.9
2001	12	4	0	0	0	-1.4	-1.6	-6.4	8.3
2001	12	5	0	0	0	-1.9	-2.8	-8	14.2
2001	12	6	0	0	0	-2	-2.8	-6.6	6.7
2001	12	7	0	0	0	-0.3	-1.6	-5.3	9.9
2001	12	8	0	0	0	-1.3	-0.4	-4.9	17.3
2001	12	9	0	0	0	-2.4	-0.1	-3.3	16
2001	12	10	0	0	0	-2.6	-5.5	-11.2	16.2
2001	12	11	0	0	0	-3.8	-4.6	-8.7	17.2
2001	12	12	0	0	0	-4.5	-8.9	-9.2	17
2001	12	13	0	0	0	-1.8	-1.5	-5.7	18.3
2001	12	14	0	0	0	3.3	2.9	-1.8	8.3
2001	12	15	0	0	0	-1.9	-1.4	-7.4	8
2001	12	16	0	0	0	0.5	-0.6	-5.2	7.1
2001	12	17	0	0	0	3.5	3.9	-1.8	9.8
2001	12	18	0	0	0	-4.9	-5.4	-8.8	6.5
2001	12	19	0	0	0	-3.3	-3.4	-6.6	13.4
2001	12	20	0	0	0	-5.2	-4.8	-13.8	17.8
2001	12	21	0	0	0	-2.6	-4.3	-12.3	8.1
2001	12	22	0	0	0	-2.2	-3.7	-16.3	7.2
2001	12	23	0	0	0	-6.8	-4.2	-19.7	14.4
2001	12	24	0	0	0	-6.2	-3.4	-18	17.3
2001	12	25	0	0	0	-8.3	-4.1	-18.5	13.4
2001	12	26	0	0	0	-9.9	-5.4	-14.8	12.9
2001	12	27	0	0	0	-11.2	-6.6	-19.8	11
2001	12	28	0	0	0	-10.7	-7.3	-15.1	7.3
2001	12	29	0	0	0	-6.8	-6.6	-13.7	7.2
2001	12	30	0	0	0	-6.3	-6.3	-14.9	9
2001	12	31	0	0	0	-3.7	-5.8	-11.7	12.8
2002	1	1	0	0	0	-4.9	-9.1	-14.6	5.6
2002	1	2	0	0	0	-7.4	-6.3	-10.4	1.4
2002	1	3	0	0	0	-3.5	-4.2	-2.7	-1
2002	1	4	0	0	0	-2.4	-2.1	-4.5	0.9
2002	1	5	0	0	0	-2.3	-1.8	-4.8	5.4
2002	1	6	0	0	0	-2.1	-0.2	-2.9	5.9
2002	1	7	0	0	0	2.4	2.3	0	7.5
2002	1	8	0	0	0	5.8	6.6	0.5	3.4
2002	1	9	0	0	0	2.1	3.9	-0.2	3
2002	1	10	0	0	0	-1.8	-1.7	-2.7	3.8
2002	1	11	0	0	0	-0.7	0.1	-1.6	5.1
2002	1	12	0	0	0	0.5	0.9	-1.8	6
2002	1	13	0	0	0	2.3	1.3	-3.6	3.4
2002	1	14	0	0	0	-2.1	-0.4	-8.7	3.3
2002	1	15	0	0	0	-1.4	-4.4	-17.7	4
2002	1	16	0	0	0	-2.2	-4.6	-8.5	5.6
2002	1	17	0	0	0	-3.8	-6.3	-8.9	7.7
2002	1	18	0	0	0	-4.7	-10.9	-11.2	9
2002	1	19	0	0	0	-3.6	-5.4	-8.6	4.9
2002	1	20	0	0	0	-0.7	-2.2	-5.9	3.7
2002	1	21	0	0	0	-1.1	-3.3	-5.1	2.4
2002	1	22	0	0	0	-4.1	-5.2	-8.2	2.8
2002	1	23	0	0	0	-6.2	-5.4	-10.5	4.7
2002	1	24	0	0	0	-0.2	-0.1	-5.2	4.2
2002	1	25	0	0	0	3.7	3.1	-1.5	4.1
2002	1	26	0	0	0	1.8	0.9	-6.5	4.4
2002	1	27	0	0	0	-4.8	-4.9	-12.4	4.6
2002	1	28	0	0	0	-9.5	-6.9	-12.3	3.6
2002	1	29	0	0	0	-9.9	-8.1	-20.6	4
2002	1	30	0	0	0	-7.3	-7.8	-22	3.3
2002	1	31	0	0	0	-4.9	-4.9	-8.9	4.1
2002	2	1	0	0	0	-1.5	-0.1	-4.9	4.2
2002	2	2	0	0	0	-1.6	-3.2	-5.5	3
2002	2	3	0	0	0	-6.6	-7.4	-5	5.3
2002	2	4	0	0	0	-0.2	-1	-5.4	6.2
2002	2	5	0	0	0	-3.4	-5.2	-5.1	4.8
2002	2	6	0	0	0	0.5	0.8	-3	4.2
2002	2	7	0	0	0	3.6	2.1	-2.1	4
2002	2	8	0	0	0	2.1	0.7	-4.6	3.6
2002	2	9	0	0	0	0.3	-1.2	-8.6	3.8
2002	2	10	0	0	0	-1.4	-3.4	-4.6	4.2
2002	2	11	0	0	0	1.9	0.7	-4.8	0.8
2002	2	12	0	0	0	-2.2	-7.4	-10.1	0.9
2002	2	13	0	0	0	-2.9	-8.2	-6.4	1.5
2002	2	14	0	0	0	-0.5	-6.4	-7.8	3.6
2002	2	15	0	0	0	-2.8	-6.6	-4.7	4.9
2002	2	16	0	0	0	-2.4	-6.6	-5.5	4.9
2002	2	17	0	0	0	0.1	-3.8	-3.4	6.1
2002	2	18	0	0	0	1.9	0.3	-2.3	5.3
2002	2	19	0	0	0	1.3	0.7	-2.3	3.8
2002	2	20	0	0	0	3.1	2.7	-2	3.9
2002	2	21	0	0	0	0.6	-1.2	-3.5	10.6
2002	2	22	0	0	0	6.3	5.9	0.3	8.9
2002	2	23	0	0	0	2.7	-1.1	-10.8	5.3
2002	2	24	0	0	0	-6.4	-9.7	-16.7	10.8
2002	2	25	0	0	0	-13.8	-12.4	-18.2	15.7
2002	2	26	0	0	0	-14.6	-11.4	-18.7	18.1
2002	2	27	0	0	0	-7.7	-8.3	-12.7	17.8
2002	2	28	0	0	0	-4.2	-5.9	-11.2	11.1
2002	3	1	0	0	0	-7.9	-6.4	-11.2	13.2
2002	3	2	0	0	0	-10.3	-9.7	-14.8	15.1
2002	3	3	0	0	0	-10.6	-9.2	-7.9	8.2
2002	3	4	0	0	0	-5.7	-6.4	-4.5	9.9
2002	3	5	0	0	0	1.1	-2.1	-7.2	8.3
2002	3	6	0	0	0	-3.9	-13.3	-21.3	6.9
2002	3	7	0	0	0	-9.8	-15.7	-23.1	6.9
2002	3	8	0	0	0	-12.4	-13.8	-21.9	5.6
2002	3	9	0	0	0	-5.6	-11.3	-11.1	7.1
2002	3	10	0	0	0	0.7	-0.5	-4.3	7.1
2002	3	11	0	0	0	3.2	2.7	-1.4	6.8
2002	3	12	0	0	0	4.6	3.7	-2.2	6.8
2002	3	13	0	0	0	-0.2	1.1	-3.8	6.6
2002	3	14	0	0	0	-0.9	0	-6.2	6.3
2002	3	15	0	0	0	0.4	0	-5.6	6.9
2002	3	16	0	0	0	-0.2	-4.2	-13.3	7.1
2002	3	17	0	0	0	-5.6	-9.2	-17.7	12.5
2002	3	18	0	0	0	-3.7	-6.2	-14.5	14.3
2002	3	19	0	0	0	-0.4	-6.9	-18.3	14.3
2002	3	20	0	0	0	-3	-11.9	-19.5	7.8
2002	3	21	0	0	0	-10.7	-13.2	-18.6	9.6
2002	3	22	0	0	0	-7.1	-9.4	-5.1	10.8
2002	3	23	0	0	0	0	-3.7	-3.8	13.4
2002	3	24	0	0	0	3.7	-1.2	-4.7	8.2
2002	3	25	0	0	0	5.6	1.3	-0.1	7.9
2002	3	26	0	0	0	5.2	3	-0.4	9.7
2002	3	27	0	0	0	5	4.3	-3	8.4
2002	3	28	0	0	0	3.1	3.3	-2.7	5.6
2002	3	29	0	0	0	4.2	2.4	-4.9	8
2002	3	30	0	0	0	6.2	5.3	-1.1	11.9
2002	3	31	0	0	0	5.4	7.2	-0.1	13.1
2002	4	1	0	0	0	7.5	2.1	-5.7	20.4
2002	4	2	0	0	0	-4.7	-6.1	-11.6	19.9
2002	4	3	0	0	0	-0.7	-2.8	-12.4	16.5
2002	4	4	0	0	0	3.5	1.9	-3.1	15.7
2002	4	5	0	0	0	6.8	5.5	-1.2	22.3
2002	4	6	0	0	0	11.2	9.2	0.8	27.1
2002	4	7	0	0	0	8.2	6.9	1	21.3
2002	4	8	0	0	0	4.7	5.7	-5.8	13.9
2002	4	9	0	0	0	4.9	5.6	-1.6	11.6
2002	4	10	0	0	0	7.1	7.7	1	10.6
2002	4	11	0	0	0	8	7.9	2.3	10.2
2002	4	12	0	0	0	9.1	9	2.8	9.9
2002	4	13	0	0	0	9.6	9.9	4	10.2
2002	4	14	0	0	0	11.7	10.1	3.4	13.1
2002	4	15	0	0	0	2.3	4.1	-2.8	14.7
2002	4	16	0	0	0	3.7	3.3	-1.8	15
2002	4	17	0	0	0	3	4.3	-2.3	14.9
2002	4	18	0	0	0	3.7	5.3	-1.7	17.5
2002	4	19	0	0	0	2.9	6.2	-0.3	17.9
2002	4	20	0	0	0	4.5	5.2	-0.7	14.3
2002	4	21	0	0	0	6.2	6.9	0.7	11.6
2002	4	22	0	0	0	8.1	8.6	1.7	10.6
2002	4	23	0	0	0	7.3	5.2	-2	11.1
2002	4	24	0	0	0	1.4	1.7	-4.5	12.9
2002	4	25	0	0	0	5.8	5	-2.9	11.3
2002	4	26	0	0	0	7.8	7.7	-2.7	12.6
2002	4	27	0	0	0	6.4	5.7	-3.4	15.8
2002	4	28	0	0	0	6.9	6.9	-1.1	13.7
2002	4	29	0	0	0	7.1	8.6	2.8	14.2
2002	4	30	0	0	0	8.6	10.1	2	19.2
2002	5	1	0	0	0	8.8	7.3	0.4	16.8
2002	5	2	0	0	0	9.5	10.2	1.8	16.2
2002	5	3	0	0	0	11.4	10.4	0.4	15.7
2002	5	4	0	0	0	6.6	7.1	-1.4	15
2002	5	5	0	0	0	8.1	3.8	-1.7	14.2
2002	5	6	0	0	0	4.3	4.7	-3	13.7
2002	5	7	0	0	0	2.2	1.1	-4.1	15.2
2002	5	8	0	0	0	1.6	1.9	-4.9	11.4
2002	5	9	0	0	0	2.4	3.1	-2.9	11.3
2002	5	10	0	0	0	5.8	4.9	-1.4	13.9
2002	5	11	0	0	0	6.7	6.9	0.6	14.3
2002	5	12	0	0	0	10.7	10.9	3	17.6
2002	5	13	0	0	0	13.1	12.4	5.4	21.7
2002	5	14	0	0	0	14.4	14.1	5.3	27.8
2002	5	15	0	0	0	7.3	7.7	1.9	26.2
2002	5	16	0	0	0	9.5	9.2	3.2	17.8
2002	5	17	0	0	0	10.9	8.8	3.7	17.2
2002	5	18	0	0	0	11.9	9.8	2	15.4
2002	5	19	0	0	0	17.9	17.1	6.3	16.5
2002	5	20	0	0	0	17.1	20.1	10.2	17
2002	5	21	0	0	0	9.8	11.1	7.2	21.3
2002	5	22	0	0	0	6.4	5.3	0.4	20.9
2002	5	23	0	0	0	4.2	4.3	-1.5	13.7
2002	5	24	0	0	0	7.8	7.6	-0.3	10.8
2002	5	25	0	0	0	10.2	9.9	1.8	12.4
2002	5	26	0	0	0	13.3	10.8	6	12.8
2002	5	27	0	0	0	14	12.4	7.4	13.4
2002	5	28	0	0	0	15.2	13.2	8.2	13.9
2002	5	29	0	0	0	16.7	16	8.8	14.4
2002	5	30	0	0	0	16.2	15.8	8.5	14.7
2002	5	31	0	0	0	14.2	13.7	9.2	17
2002	6	1	0	0	0	13.4	14.4	8.8	20.1
2002	6	2	0	0	0	12.1	12.5	7.3	17.8
2002	6	3	0	0	0	11.7	11.7	6.7	18
2002	6	4	0	0	0	13.3	13.4	9.4	18
2002	6	5	0	0	0	16.2	15.3	9.5	19.8
2002	6	6	0	0	0	15.8	14.4	7.3	25.3
2002	6	7	0	0	0	11.2	10.4	3.9	25.8
2002	6	8	0	0	0	7.9	8	2.4	18.7
2002	6	9	0	0	0	5.4	7.1	3.1	17.4
2002	6	10	0	0	0	5.5	8.5	4.7	18.8
2002	6	11	0	0	0	7.9	8.9	5.9	17.8
2002	6	12	0	0	0	14.1	12.6	9.8	17.8
2002	6	13	0	0	0	14.7	15.4	12.2	17.9
2002	6	14	0	0	0	17.4	18.2	15.5	18.3
2002	6	15	0	0	0	19.6	19.6	15.9	19.2
2002	6	16	0	0	0	19.9	19.1	15.9	18.1
2002	6	17	0	0	0	20.3	19.8	13.2	17.9
2002	6	18	0	0	0	13.9	12.8	7.6	18.2
2002	6	19	0	0	0	10.7	10.1	5.5	17.4
2002	6	20	0	0	0	12.6	11.4	8.2	18.3
2002	6	21	0	0	0	17.3	16.3	12	19.8
2002	6	22	0	0	0	18.7	18.8	14.8	18.9
2002	6	23	0	0	0	17.9	19	14.9	18.7
2002	6	24	0	0	0	18.9	15.7	13.8	20.1
2002	6	25	0	0	0	19.7	18.4	14.9	21.5
2002	6	26	0	0	0	22.1	20.9	17.3	20.8
2002	6	27	0	0	0	24.1	21.7	17.7	19.8
2002	6	28	0	0	0	21.4	21.2	13.6	20.7
2002	6	29	0	0	0	18.2	17.8	10.6	21
2002	6	30	0	0	0	15.2	13.9	9.1	22
2002	7	1	0	0	0	15.2	14.8	7.8	23.4
2002	7	2	0	0	0	14.8	13.6	8.7	21.8
2002	7	3	0	0	0	18.1	15.9	11.3	21.6
2002	7	4	0	0	0	20.2	19.8	10.3	21.4
2002	7	5	0	0	0	16.5	14.6	8.1	22.2
2002	7	6	0	0	0	19.2	18.2	11.4	21
2002	7	7	0	0	0	22.7	21.6	17	21
2002	7	8	0	0	0	18.4	19.1	13.6	21.1
2002	7	9	0	0	0	15.4	15.7	12.3	20.6
2002	7	10	0	0	0	19.8	19.2	16.5	20.4
2002	7	11	0	0	0	24.2	21.8	18.7	21.3
2002	7	12	0	0	0	26.3	24	20.3	21.8
2002	7	13	0	0	0	26.7	25.2	21.7	21.1
2002	7	14	0	0	0	27.2	29.4	20.2	22.3
2002	7	15	0	0	0	25.7	27.3	16.4	24.1
2002	7	16	0	0	0	22.9	22.3	17.2	23.7
2002	7	17	0	0	0	24.3	23.2	18.4	21.8
2002	7	18	0	0	0	22.6	23.6	18.3	21.3
2002	7	19	0	0	0	23.3	23.3	16	22.2
2002	7	20	0	0	0	21.8	21.1	15.2	21.5
2002	7	21	0	0	0	21.4	20.7	14.5	20.6
2002	7	22	0	0	0	23.6	21.4	15.4	19.9
2002	7	23	0	0	0	24.8	21.9	17	19.9
2002	7	24	0	0	0	24.5	22.7	17.5	20.8
2002	7	25	0	0	0	24.6	22	18.4	21.4
2002	7	26	0	0	0	22	22.2	17.3	21.3
2002	7	27	0	0	0	21	20.5	14.4	22.3
2002	7	28	0	0	0	19.4	18.8	13.3	21.3
2002	7	29	0	0	0	21.4	20.9	11.9	21.8
2002	7	30	0	0	0	20.3	19.9	12.1	21.3
2002	7	31	0	0	0	21	16.2	8.3	22.1
2002	8	1	0	0	0	15.6	14.4	8	22.7
2002	8	2	0	0	0	18.8	19.1	11.4	25.4
2002	8	3	0	0	0	16.6	15.7	8.3	22.2
2002	8	4	0	0	0	19.6	15.4	5.9	21.5
2002	8	5	0	0	0	16.5	15	8.9	20.3
2002	8	6	0	0	0	15.2	13.5	8.8	20.9
2002	8	7	0	0	0	13.5	13.1	8.1	22.1
2002	8	8	0	0	0	13.7	13.9	10.9	22
2002	8	9	0	0	0	13.9	15.3	12.9	22.4
2002	8	10	0	0	0	18.7	19.3	14.6	22.7
2002	8	11	0	0	0	19.7	18	12.3	23.1
2002	8	12	0	0	0	20.2	18.7	12.1	23.2
2002	8	13	0	0	0	19.8	18	15.5	23.4
2002	8	14	0	0	0	22.4	22.8	15.4	23.5
2002	8	15	0	0	0	20.7	16.2	12.9	23.7
2002	8	16	0	0	0	18.4	13.8	10.2	24
2002	8	17	0	0	0	14.8	12.4	8.8	24.6
2002	8	18	0	0	0	18.2	17.4	11	22.7
2002	8	19	0	0	0	16.9	14.8	12	22.3
2002	8	20	0	0	0	19.1	15.7	13.9	23.1
2002	8	21	0	0	0	15.3	17.9	12.2	23.8
2002	8	22	0	0	0	11.8	15.2	12.5	23.5
2002	8	23	0	0	0	13.7	14.9	15.1	22.9
2002	8	24	0	0	0	18.2	17.4	14.8	22.8
2002	8	25	0	0	0	17.7	19.6	15.2	23.2
2002	8	26	0	0	0	16.6	14.9	13	23.6
2002	8	27	0	0	0	16.7	15.9	13.6	24.1
2002	8	28	0	0	0	18.3	17.7	14.1	23.4
2002	8	29	0	0	0	20.3	18.7	13.8	25.8
2002	8	30	0	0	0	18.1	15.4	13.8	27
2002	8	31	0	0	0	17.1	16.5	11.7	22
2002	9	1	0	0	0	17.9	19.1	13.3	21.1
2002	9	2	0	0	0	17.4	15.8	9.2	21.8
2002	9	3	0	0	0	19.4	16	13.3	22.6
2002	9	4	0	0	0	18.2	17.8	8.4	22.9
2002	9	5	0	0	0	17.8	16.6	8.7	23.8
2002	9	6	0	0	0	14.5	12.9	7.6	19.3
2002	9	7	0	0	0	13.3	13.1	8.5	17.2
2002	9	8	0	0	0	11.4	10.9	5.7	16.9
2002	9	9	0	0	0	11.1	10.8	6.9	16.8
2002	9	10	0	0	0	13.9	12.6	9.4	21.6
2002	9	11	0	0	0	16.5	14.7	10.8	15.2
2002	9	12	0	0	0	17.2	15.5	11.9	16.7
2002	9	13	0	0	0	17.4	15	12.6	9.3
2002	9	14	0	0	0	16.4	15.8	11.7	5.4
2002	9	15	0	0	0	18.4	15.4	12.5	7
2002	9	16	0	0	0	17.9	15.4	12.3	10.2
2002	9	17	0	0	0	14.3	12.6	7.3	10.5
2002	9	18	0	0	0	12.3	11.6	5.7	-0.2
2002	9	19	0	0	0	13.8	11.4	7.2	-4.3
2002	9	20	0	0	0	17.2	14.8	5.8	5.1
2002	9	21	0	0	0	9.4	8	3.1	3.5
2002	9	22	0	0	0	8.7	7.2	4.5	11.5
2002	9	23	0	0	0	12.6	12.4	6.4	5.2
2002	9	24	0	0	0	12.9	12.2	6.3	1.2
2002	9	25	0	0	0	13.4	10.9	4.9	2.1
2002	9	26	0	0	0	10.9	8.3	5.5	2.5
2002	9	27	0	0	0	12	11.6	4.4	3.3
2002	9	28	0	0	0	6.9	6.3	3.4	3.4
2002	9	29	0	0	0	9.7	10	5.4	3.2
2002	9	30	0	0	0	7.5	8.4	2.8	2.9
2002	10	1	0	0	0	4.1	6.1	0.8	4.6
2002	10	2	0	0	0	4.1	2.7	0.2	4.2
2002	10	3	0	0	0	9.6	8.9	1.2	4.9
2002	10	4	0	0	0	10	6.5	0.7	5.6
2002	10	5	0	0	0	9.6	9.1	1.3	6.2
2002	10	6	0	0	0	11.6	10.6	4	5.3
2002	10	7	0	0	0	10.8	11.8	6.3	7.4
2002	10	8	0	0	0	10.4	9.5	2.2	7.9
2002	10	9	0	0	0	10.7	10.5	4	7.2
2002	10	10	0	0	0	8.6	6.4	3	6.3
2002	10	11	0	0	0	6.4	2.6	-3	4.2
2002	10	12	0	0	0	3.1	-1.2	-4	2.8
2002	10	13	0	0	0	3.6	-0.2	-1.3	0.4
2002	10	14	0	0	0	6.1	2.1	-0.2	0.4
2002	10	15	0	0	0	5.5	2	0.2	1.1
2002	10	16	0	0	0	6.1	3.1	3.3	0.8
2002	10	17	0	0	0	5.4	2.8	3	2
2002	10	18	0	0	0	6.7	4.7	3.7	1.4
2002	10	19	0	0	0	5.1	3	2.2	3.3
2002	10	20	0	0	0	8.8	5.3	2	5.5
2002	10	21	0	0	0	7.3	3.4	2.6	5.4
2002	10	22	0	0	0	7.1	5.6	-2	2.5
2002	10	23	0	0	0	1.7	0.5	-3.5	3.4
2002	10	24	0	0	0	-1.5	-4.2	-4.4	2.6
2002	10	25	0	0	0	-0.9	-3.4	-3.8	0.7
2002	10	26	0	0	0	-0.8	-2.6	-2.8	0.6
2002	10	27	0	0	0	-0.7	-2.9	-3.4	0.8
2002	10	28	0	0	0	3.4	2.1	-3.1	1.3
2002	10	29	0	0	0	-2.6	-3.5	-9.6	1.9
2002	10	30	0	0	0	-7.6	-8.9	-13	2.4
2002	10	31	0	0	0	-11.2	-11.5	-19.1	3.6
2002	11	1	0	0	0	-10.4	-10.4	-15.5	2.9
2002	11	2	0	0	0	-8.1	-5.9	-15.9	4.1
2002	11	3	0	0	0	-5.9	-2.8	-7	4.1
2002	11	4	0	0	0	-3.1	-1.6	-6.7	4.4
2002	11	5	0	0	0	-2.8	-3.1	-4.6	13.8
2002	11	6	0	0	0	0.1	1.7	-0.7	12
2002	11	7	0	0	0	0.2	-0.1	0	7.9
2002	11	8	0	0	0	2.3	2.7	0.9	5.7
2002	11	9	0	0	0	2.9	4.6	0.8	4
2002	11	10	0	0	0	2.8	2.8	-0.2	3.9
2002	11	11	0	0	0	4.2	3.2	-0.5	4.3
2002	11	12	0	0	0	3.5	3.7	0.4	5
2002	11	13	0	0	0	3.7	5	1.5	4.8
2002	11	14	0	0	0	3.2	4.2	0.4	4
2002	11	15	0	0	0	3.2	2.9	-0.7	5
2002	11	16	0	0	0	-0.5	-0.4	-0.8	1.7
2002	11	17	0	0	0	5.9	5.7	-0.1	0.6
2002	11	18	0	0	0	4.8	5.1	-0.7	1.6
2002	11	19	0	0	0	5.4	5.9	-0.2	0
2002	11	20	0	0	0	8.4	7.7	2.1	11.4
2002	11	21	0	0	0	4.3	3.6	1.7	7.6
2002	11	22	0	0	0	4	4.9	2.3	6.9
2002	11	23	0	0	0	3.7	4.8	-1.5	8.3
2002	11	24	0	0	0	-2.3	-1.8	-7.1	6.1
2002	11	25	0	0	0	-6.5	-6.6	-7.6	3.1
2002	11	26	0	0	0	-5.8	-2.2	-6	3.8
2002	11	27	0	0	0	-4.1	-1.4	-3.4	5.6
2002	11	28	0	0	0	-5.3	-3	-3	6.4
2002	11	29	0	0	0	-3.5	-1	-2.7	5.4
2002	11	30	0	0	0	-2	-1.8	-10.1	4.7
2002	12	1	0	0	0	-2.6	-2	-9.2	4.2
2002	12	2	0	0	0	-3.1	-1.6	-4.6	1.4
2002	12	3	0	0	0	-1.7	-0.7	-6.5	1.2
2002	12	4	0	0	0	-0.4	-1.3	-10.3	2.2
2002	12	5	0	0	0	0.5	-1.4	-9.7	4.8
2002	12	6	0	0	0	-0.9	-0.6	-4.5	10
2002	12	7	0	0	0	-2.9	-0.3	-7.7	16.1
2002	12	8	0	0	0	-3.5	-0.3	-13.2	16.4
2002	12	9	0	0	0	-4.6	-0.7	-6.3	18.1
2002	12	10	0	0	0	-5.2	-0.6	-5.9	8.4
2002	12	11	0	0	0	-2.3	1.7	-3.2	7.1
2002	12	12	0	0	0	-1.1	0.4	-3	6.7
2002	12	13	0	0	0	-2.1	1.2	-0.1	7.1
2002	12	14	0	0	0	2.2	3.7	0	7.9
2002	12	15	0	0	0	3.4	4.1	0.7	7.4
2002	12	16	0	0	0	4.4	2.8	-0.5	6.9
2002	12	17	0	0	0	2.8	2.4	-1.8	10.9
2002	12	18	0	0	0	-3.4	-3.6	-4.9	18.5
2002	12	19	0	0	0	-5.3	-1.6	-6.3	10.6
2002	12	20	0	0	0	-5.6	-3.6	-9.5	11.3
2002	12	21	0	0	0	-5	-4.7	-11	8.6
2002	12	22	0	0	0	-3.2	-4.1	-14.7	15.6
2002	12	23	0	0	0	-3	-6.2	-14.1	19.3
2002	12	24	0	0	0	-3.3	-4.4	-13.9	19.8
2002	12	25	0	0	0	-4.6	-4.2	-8.9	10.3
2002	12	26	0	0	0	-4.9	-1.5	-5.5	10.9
2002	12	27	0	0	0	2.7	-0.2	-6.3	7.6
2002	12	28	0	0	0	2.1	2.1	-3.4	10.9
2002	12	29	0	0	0	-0.3	0.3	-5.6	11.6
2002	12	30	0	0	0	-2.3	-6.7	-7.6	8.7
2002	12	31	0	0	0	0.8	-0.8	-3.4	10
2003	1	1	0	0	0	1.1	-2.3	-5.1	7.9
2003	1	2	0	0	0	0.3	-0.6	-2.5	7.5
2003	1	3	0	0	0	2.8	3.6	-1	8.3
2003	1	4	0	0	0	-0.6	-2.1	-3.4	9.8
2003	1	5	0	0	0	1.4	0.7	-0.8	9.9
2003	1	6	0	0	0	-1.1	-1.5	-4.4	9.8
2003	1	7	0	0	0	-4.4	-1.4	-9.5	12.2
2003	1	8	0	0	0	-6.1	-2.1	-5.6	14.2
2003	1	9	0	0	0	-3.1	-3.8	-6.1	12.7
2003	1	10	0	0	0	-7.2	-8.9	-13.1	13.4
2003	1	11	0	0	0	-8.1	-10.9	-16.7	11.9
2003	1	12	0	0	0	-3	-3.7	-2.8	10.4
2003	1	13	0	0	0	-0.1	-1.6	-2.2	9.8
2003	1	14	0	0	0	0.9	-0.4	-5.1	9.8
2003	1	15	0	0	0	1.1	-1.6	-7	10
2003	1	16	0	0	0	-2.6	-4.2	-11.1	9.9
2003	1	17	0	0	0	-5.9	-6.9	-13.9	10.7
2003	1	18	0	0	0	-5.4	-3.4	-9.4	11.2
2003	1	19	0	0	0	-5.3	-2.5	-10.2	11.1
2003	1	20	0	0	0	-1.7	-1.7	-8.1	11.2
2003	1	21	0	0	0	-0.5	-7.6	-11.3	13.2
2003	1	22	0	0	0	-7.7	-10.4	-18.7	12.4
2003	1	23	0	0	0	-5.8	-6.7	-6.6	12.4
2003	1	24	0	0	0	-5.1	-1.3	-2.4	13.6
2003	1	25	0	0	0	-0.7	1.3	-1.2	11.6
2003	1	26	0	0	0	1.8	3.3	-0.8	12.5
2003	1	27	0	0	0	5.5	5.6	-0.9	12.9
2003	1	28	0	0	0	1.5	1.9	-4.3	13.5
2003	1	29	0	0	0	-1.3	-2.1	-5.7	13.4
2003	1	30	0	0	0	1.3	2.3	-2.5	17.1
2003	1	31	0	0	0	3.3	3.6	-0.6	16.2
2003	2	1	0	0	0	2.9	3.8	-0.3	18.7
2003	2	2	0	0	0	1.2	-0.2	-5.3	16.5
2003	2	3	0	0	0	0.9	0.3	-4.6	14.5
2003	2	4	0	0	0	-1.7	-3.1	-8.5	14.5
2003	2	5	0	0	0	-1.2	-3.3	-7.6	15.5
2003	2	6	0	0	0	-2.2	-4.4	-11.5	14.9
2003	2	7	0	0	0	-3.8	-3.6	-5.8	16.5
2003	2	8	0	0	0	-1.7	-2.5	-5	14.9
2003	2	9	0	0	0	0.1	-1.4	-5.7	14.5
2003	2	10	0	0	0	0.6	-0.6	-6.8	15.1
2003	2	11	0	0	0	-0.1	-2.4	-4.6	15.9
2003	2	12	0	0	0	-1.1	-2.3	-4.2	15.7
2003	2	13	0	0	0	-2	-3.3	-8.2	16.5
2003	2	14	0	0	0	0.5	-2.7	-5	16.6
2003	2	15	0	0	0	2.4	0.7	-4	17.9
2003	2	16	0	0	0	3.2	0.8	-0.7	21.3
2003	2	17	0	0	0	1.8	3.3	-1.7	18.1
2003	2	18	0	0	0	0.3	1.9	-3.6	18.4
2003	2	19	0	0	0	1	1.3	-3.8	20.5
2003	2	20	0	0	0	2.2	3.3	-2.7	21.2
2003	2	21	0	0	0	3.2	2.7	-2.4	23.3
2003	2	22	0	0	0	1	-0.5	-11.2	26.2
2003	2	23	0	0	0	-8.1	-11.2	-20.3	18.6
2003	2	24	0	0	0	-14.3	-12.1	-28	17.9
2003	2	25	0	0	0	-13.7	-10.3	-13.7	17.4
2003	2	26	0	0	0	-10	-6.8	-7.5	17.9
2003	2	27	0	0	0	-5.2	-2.3	-11.3	17.7
2003	2	28	0	0	0	0.2	-0.8	-6.6	20.9
2003	3	1	0	0	0	-0.8	-1.2	-8.3	21.3
2003	3	2	0	0	0	0.8	0.7	-4.8	20.1
2003	3	3	0	0	0	-0.8	-2.2	-7.8	20
2003	3	4	0	0	0	-5.3	-5.5	-9.6	23
2003	3	5	0	0	0	-3.1	-1.6	-4.4	24.5
2003	3	6	0	0	0	0.4	-4.6	-16.5	22.1
2003	3	7	0	0	0	-0.9	-10.7	-20.5	23.9
2003	3	8	0	0	0	-3.8	-13.7	-22.4	27.3
2003	3	9	0	0	0	-0.6	-8.8	-16.8	22.2
2003	3	10	0	0	0	2.4	-3.7	-4.9	20.6
2003	3	11	0	0	0	5.8	3.8	-0.1	20.1
2003	3	12	0	0	0	6.2	5	-0.1	15.2
2003	3	13	0	0	0	8.9	6.9	1	16.4
2003	3	14	0	0	0	10.1	6.7	1.4	18.1
2003	3	15	0	0	0	4.2	3.3	0.9	19.1
2003	3	16	0	0	0	7.6	4.2	0.2	19.4
2003	3	17	0	0	0	3.6	3.5	-1.2	20.7
2003	3	18	0	0	0	4.7	3.2	-1.3	18.4
2003	3	19	0	0	0	3	2.1	-1.1	17.3
2003	3	20	0	0	0	3.8	2.9	-3.2	18.1
2003	3	21	0	0	0	6	5.2	0	20.1
2003	3	22	0	0	0	8.6	6.6	0.5	20.7
2003	3	23	0	0	0	4.6	4.5	-2.2	20.2
2003	3	24	0	0	0	2.6	2.4	-3	20.1
2003	3	25	0	0	0	2	1	-3	20.4
2003	3	26	0	0	0	2.9	1.2	-3.1	21.6
2003	3	27	0	0	0	1.7	1.2	-4.8	21.3
2003	3	28	0	0	0	1.4	1.8	-3.5	21.4
2003	3	29	0	0	0	2.6	1.8	-2.6	21.4
2003	3	30	0	0	0	8.6	6.9	-0.1	20.2
2003	3	31	0	0	0	12.2	12.7	0.6	20.1
2003	4	1	0	0	0	6.4	6.4	-0.1	20.9
2003	4	2	0	0	0	3.6	2.8	-2.9	21.5
2003	4	3	0	0	0	2.4	-0.1	-5.6	21.7
2003	4	4	0	0	0	1.9	1.6	-5.3	21.8
2003	4	5	0	0	0	3.1	1.3	-7	21.7
2003	4	6	0	0	0	2.8	1.8	-5.4	20.8
2003	4	7	0	0	0	3.1	2.8	-4.2	21.3
2003	4	8	0	0	0	7.1	8.6	-1.4	20.9
2003	4	9	0	0	0	10.7	8.3	1	19.2
2003	4	10	0	0	0	7.6	7.1	1	19.4
2003	4	11	0	0	0	12.9	9.8	4	19.6
2003	4	12	0	0	0	10.6	7.2	2	20.7
2003	4	13	0	0	0	8.6	7.8	2.5	19.9
2003	4	14	0	0	0	8.4	6.9	1.6	21.1
2003	4	15	0	0	0	6.4	5.3	0.1	21.3
2003	4	16	0	0	0	4.8	5.4	0.7	21.1
2003	4	17	0	0	0	4.6	5.6	-0.4	21.5
2003	4	18	0	0	0	7.7	4.9	-0.1	20
2003	4	19	0	0	0	5.1	5.8	-0.2	20
2003	4	20	0	0	0	8.3	6.7	1.4	20.4
2003	4	21	0	0	0	10.8	10.3	2.4	20.7
2003	4	22	0	0	0	14.4	12.8	6.8	21.1
2003	4	23	0	0	0	12.3	12.4	9.1	21.2
2003	4	24	0	0	0	10.1	11.9	7.8	19.4
2003	4	25	0	0	0	10.8	10.3	4.6	20.1
2003	4	26	0	0	0	3.5	6.7	1.1	19.5
2003	4	27	0	0	0	6	7.2	0.9	20.9
2003	4	28	0	0	0	6.9	7.5	-2.9	20.6
2003	4	29	0	0	0	7.3	8.7	-1.7	20.9
2003	4	30	0	0	0	7	10.2	-0.4	20.6
2003	5	1	0	0	0	9.3	8.7	-0.4	20.5
2003	5	2	0	0	0	8.2	10.8	3.8	21.7
2003	5	3	0	0	0	7.4	8.1	2.5	21.7
2003	5	4	0	0	0	8.2	8.8	-0.2	19.9
2003	5	5	0	0	0	5.9	6.4	0.6	20.3
2003	5	6	0	0	0	4.8	6.2	-0.2	18.7
2003	5	7	0	0	0	5	4.8	-0.6	19.1
2003	5	8	0	0	0	5.3	5.4	-0.4	21.5
2003	5	9	0	0	0	7.7	8.9	1	22.1
2003	5	10	0	0	0	7.9	8.8	1.4	21.2
2003	5	11	0	0	0	8.4	8.3	1.2	21.4
2003	5	12	0	0	0	8.7	10.6	3.8	21.6
2003	5	13	0	0	0	9.4	10.3	4.7	21.9
2003	5	14	0	0	0	11.9	10.8	4.7	22.1
2003	5	15	0	0	0	14.7	13.9	4.8	19.7
2003	5	16	0	0	0	6.6	7.6	-0.8	19.4
2003	5	17	0	0	0	3.6	3.8	-1	19.5
2003	5	18	0	0	0	2.6	2.7	-0.2	20.3
2003	5	19	0	0	0	5.4	4.7	-0.8	20.5
2003	5	20	0	0	0	8.7	7.7	-0.1	20.7
2003	5	21	0	0	0	12.2	11.1	2.6	21.9
2003	5	22	0	0	0	13.3	12.3	5.2	22.6
2003	5	23	0	0	0	17.4	14.6	9	19.6
2003	5	24	0	0	0	18.4	17.5	12.4	18.4
2003	5	25	0	0	0	21.3	20.3	15.4	17.5
2003	5	26	0	0	0	15.2	14	10.3	18.9
2003	5	27	0	0	0	15.3	14.1	8.2	19
2003	5	28	0	0	0	18.3	17	11.5	19.2
2003	5	29	0	0	0	22.2	22.2	12.2	20.2
2003	5	30	0	0	0	17.8	17.5	11.7	19.9
2003	5	31	0	0	0	15.4	13.7	11	18.7
2003	6	1	0	0	0	12.6	14.6	9.1	19.1
2003	6	2	0	0	0	17.7	14.7	8.4	19.6
2003	6	3	0	0	0	12.9	12.9	4.4	19.7
2003	6	4	0	0	0	15.1	13.7	8	20.5
2003	6	5	0	0	0	14.8	15.2	11	19.9
2003	6	6	0	0	0	16.4	17.2	9.4	19.4
2003	6	7	0	0	0	15.8	15.2	11	18.4
2003	6	8	0	0	0	17.2	15.8	13.3	17.6
2003	6	9	0	0	0	18.1	15.2	10.4	17.8
2003	6	10	0	0	0	17.2	14.3	10.6	18.6
2003	6	11	0	0	0	13.9	12.7	8.8	17.8
2003	6	12	0	0	0	15.1	15.2	9.7	16.6
2003	6	13	0	0	0	16.7	14.9	9.5	18.4
2003	6	14	0	0	0	16.4	13.3	9.9	17.4
2003	6	15	0	0	0	17.5	14.4	8.8	11.9
2003	6	16	0	0	0	19.3	16.8	10.7	11.7
2003	6	17	0	0	0	21.2	19.7	14.8	14.3
2003	6	18	0	0	0	25.2	24.4	18.8	17.7
2003	6	19	0	0	0	24.5	22.3	15.5	19.8
2003	6	20	0	0	0	15.6	15.7	10	20.5
2003	6	21	0	0	0	10.6	11.9	5.4	16.5
2003	6	22	0	0	0	8.1	9.8	4.3	16.6
2003	6	23	0	0	0	9.8	12.2	6.8	17.7
2003	6	24	0	0	0	15.4	13.7	8.2	17.2
2003	6	25	0	0	0	13.6	14.9	9.5	18.9
2003	6	26	0	0	0	17	19.3	13.1	20.2
2003	6	27	0	0	0	19.7	21.4	14.3	16.6
2003	6	28	0	0	0	20.6	20.1	14.2	14.1
2003	6	29	0	0	0	21.3	20.2	15.5	12.7
2003	6	30	0	0	0	25.7	22.7	16.2	13.4
2003	7	1	0	0	0	21.4	18.3	11.7	10
2003	7	2	0	0	0	20.3	19.1	10.5	10.8
2003	7	3	0	0	0	17.7	15.2	9.6	13.3
2003	7	4	0	0	0	18.7	17.4	11.6	14.3
2003	7	5	0	0	0	19.4	18.3	11.5	15.4
2003	7	6	0	0	0	18.4	16.6	9.6	15.1
2003	7	7	0	0	0	20.2	19.9	12.8	14.5
2003	7	8	0	0	0	19.7	18.1	13.7	14.4
2003	7	9	0	0	0	18.1	17.3	12.3	13.2
2003	7	10	0	0	0	21	19.9	14.8	11.8
2003	7	11	0	0	0	24.1	23.3	17.6	10.6
2003	7	12	0	0	0	24.9	23.2	18.2	10.3
2003	7	13	0	0	0	24.6	22.6	15.9	10.6
2003	7	14	0	0	0	19.1	17.7	11.9	11.3
2003	7	15	0	0	0	20.8	19.3	13.4	12
2003	7	16	0	0	0	26	25.1	17	12.1
2003	7	17	0	0	0	25.3	24.1	17	7.4
2003	7	18	0	0	0	25.6	22.4	14.9	5.5
2003	7	19	0	0	0	26.3	23.6	17.2	5.3
2003	7	20	0	0	0	27.1	24.3	19	6.1
2003	7	21	0	0	0	24.9	23.3	18.2	6.4
2003	7	22	0	0	0	25.8	23.8	18.5	7.1
2003	7	23	0	0	0	26.6	24.7	19.7	7.6
2003	7	24	0	0	0	24.6	24.4	18.2	8.3
2003	7	25	0	0	0	23.7	24.6	17.1	10.1
2003	7	26	0	0	0	25.1	23.7	16.2	12.9
2003	7	27	0	0	0	22.2	22.6	17.5	16.2
2003	7	28	0	0	0	24.3	22	18.2	18.1
2003	7	29	0	0	0	25.4	25.3	19.8	20.7
2003	7	30	0	0	0	25.1	23.8	20.2	18.1
2003	7	31	0	0	0	25.4	24.8	21	13.3
2003	8	1	0	0	0	25.9	25.4	19.7	11.4
2003	8	2	0	0	0	24.8	23.1	19.1	7.9
2003	8	3	0	0	0	25	21.4	15.7	7.9
2003	8	4	0	0	0	20.6	18.3	14.3	6.1
2003	8	5	0	0	0	20.7	19.3	14.2	7.1
2003	8	6	0	0	0	19.8	21.6	16.5	8.5
2003	8	7	0	0	0	21.8	20.1	16.2	7.9
2003	8	8	0	0	0	23.6	22.4	15.7	8.3
2003	8	9	0	0	0	23	24.7	18.5	9.7
2003	8	10	0	0	0	24.7	24.1	19.7	8.8
2003	8	11	0	0	0	22.8	21	17.7	8.6
2003	8	12	0	0	0	22.4	19.8	15.3	8.2
2003	8	13	0	0	0	21.3	18.9	14.2	6.5
2003	8	14	0	0	0	22.4	21.2	14.2	1.8
2003	8	15	0	0	0	23.6	24.6	19.3	3
2003	8	16	0	0	0	27	25.3	18.1	5.2
2003	8	17	0	0	0	19.5	17.7	14.6	6.2
2003	8	18	0	0	0	19.7	18.6	15.7	7.8
2003	8	19	0	0	0	21.9	20.7	16.9	8.4
2003	8	20	0	0	0	22.4	23.4	15.3	12.6
2003	8	21	0	0	0	19	17.4	14	15
2003	8	22	0	0	0	20.4	19.4	14.3	15.9
2003	8	23	0	0	0	17	18.6	10.9	15.1
2003	8	24	0	0	0	17.2	16.8	9.4	15.4
2003	8	25	0	0	0	19.6	17.4	11.9	12.2
2003	8	26	0	0	0	21.4	19.4	15.4	12.1
2003	8	27	0	0	0	21.7	23.2	14.9	14.7
2003	8	28	0	0	0	16.9	16	9.9	16.8
2003	8	29	0	0	0	19.6	17	11.2	18.1
2003	8	30	0	0	0	18.1	15.3	12.1	12.8
2003	8	31	0	0	0	17.9	15.3	12.8	10.2
2003	9	1	0	0	0	18.7	17.2	14	10.4
2003	9	2	0	0	0	19.6	21.7	14.8	11.8
2003	9	3	0	0	0	19.7	17.4	15.1	11.6
2003	9	4	0	0	0	19.9	17.7	17.4	11.8
2003	9	5	0	0	0	21.3	19.2	16.3	9.7
2003	9	6	0	0	0	21.2	17.7	15.6	8.1
2003	9	7	0	0	0	21.9	20.1	14.8	6.3
2003	9	8	0	0	0	16.9	15.1	10.3	6.3
2003	9	9	0	0	0	12.5	9.4	6.2	3.6
2003	9	10	0	0	0	13.5	8.3	5.4	1.3
2003	9	11	0	0	0	15.6	14.4	8	0.9
2003	9	12	0	0	0	12.7	12.1	6.4	-1.6
2003	9	13	0	0	0	10.9	10.6	4.2	1.5
2003	9	14	0	0	0	11.4	9.9	7	1.8
2003	9	15	0	0	0	15.8	14.4	7	2.1
2003	9	16	0	0	0	13.1	10.8	2.7	5.1
2003	9	17	0	0	0	6.7	5.7	-0.5	4.7
2003	9	18	0	0	0	6.5	8.8	3.4	3.9
2003	9	19	0	0	0	11.7	13.5	6.5	3.3
2003	9	20	0	0	0	14	9.3	5.5	4.8
2003	9	21	0	0	0	11.3	8.9	7.2	4.5
2003	9	22	0	0	0	12.4	9.9	7.8	4.6
2003	9	23	0	0	0	15.1	15.5	9	4.5
2003	9	24	0	0	0	13.3	13.3	6.5	3.6
2003	9	25	0	0	0	15.2	13.7	10	8.1
2003	9	26	0	0	0	17.9	17.6	11.8	6.4
2003	9	27	0	0	0	15.9	13.3	9.6	4.5
2003	9	28	0	0	0	16.7	15.5	9.3	3.9
2003	9	29	0	0	0	16.6	14.8	7.6	11.8
2003	9	30	0	0	0	12.9	10.8	6.3	6.4
2003	10	1	0	0	0	12.1	8.5	9.8	2.3
2003	10	2	0	0	0	12.9	10.3	10.7	2.2
2003	10	3	0	0	0	13.2	12.3	10.5	3.7
2003	10	4	0	0	0	12.5	9.3	9.8	4.2
2003	10	5	0	0	0	13.3	9.9	9.6	1.3
2003	10	6	0	0	0	14.4	11.1	10.7	1.7
2003	10	7	0	0	0	14.1	11.8	8.9	3.6
2003	10	8	0	0	0	12.4	10.1	5.7	8.5
2003	10	9	0	0	0	12.6	11.7	3.8	10.3
2003	10	10	0	0	0	6.1	3.6	-0.3	11.7
2003	10	11	0	0	0	3.7	4.9	0.5	13
2003	10	12	0	0	0	9	7.7	2.1	9.8
2003	10	13	0	0	0	8.3	8.6	3	7.7
2003	10	14	0	0	0	3.6	3.9	1.7	11
2003	10	15	0	0	0	4.7	3.3	-1.1	4.6
2003	10	16	0	0	0	5.9	5.1	0.2	3.1
2003	10	17	0	0	0	9.7	12	6.6	2.2
2003	10	18	0	0	0	10.5	9.1	8.3	6.1
2003	10	19	0	0	0	10.5	7.1	6.2	14.3
2003	10	20	0	0	0	12.3	11.2	6.5	12.4
2003	10	21	0	0	0	17.1	14.8	11	15.4
2003	10	22	0	0	0	12.3	11.6	11.3	20
2003	10	23	0	0	0	10.9	9.7	6.4	17.4
2003	10	24	0	0	0	6.1	2.3	-0.6	10.4
2003	10	25	0	0	0	2.4	0.4	-1.2	9
2003	10	26	0	0	0	5	2.1	1.3	8.1
2003	10	27	0	0	0	7.2	4.2	1.3	5.3
2003	10	28	0	0	0	10.6	8.4	2.7	0.1
2003	10	29	0	0	0	6.8	4.3	-1.9	-1.3
2003	10	30	0	0	0	-2.2	-3.2	-10.1	-1.6
2003	10	31	0	0	0	-6.8	-7.7	-17.3	-3.7
2003	11	1	0	0	0	-8.8	-7.7	-17.1	-1.2
2003	11	2	0	0	0	-4.2	-3.9	-11.9	3.9
2003	11	3	0	0	0	-3.2	-3	-10.8	1.5
2003	11	4	0	0	0	-6.3	-6.7	-15.5	0.4
2003	11	5	0	0	0	-9.9	-8.8	-24.1	0.4
2003	11	6	0	0	0	-12.8	-8.9	-12.6	2.1
2003	11	7	0	0	0	-12.2	-9.8	-16.5	4.5
2003	11	8	0	0	0	-9.9	-4.7	-18.4	7.7
2003	11	9	0	0	0	-6.1	-6.7	-14.8	7.8
2003	11	10	0	0	0	-0.9	-0.1	-2.8	5.6
2003	11	11	0	0	0	2.5	3.7	-2.3	3.1
2003	11	12	0	0	0	-0.2	-1.3	-6.3	-0.1
2003	11	13	0	0	0	-2.3	-3.1	-6.2	-0.8
2003	11	14	0	0	0	-2.4	-1.9	-6.1	2.8
2003	11	15	0	0	0	-2.4	-0.2	-4.8	9.5
2003	11	16	0	0	0	-0.9	1.3	-1.5	8.6
2003	11	17	0	0	0	3.2	3.5	-1.7	11.7
2003	11	18	0	0	0	5.2	5	-1.2	15.3
2003	11	19	0	0	0	12.3	9.3	0.4	14.9
2003	11	20	0	0	0	0	-0.7	-9.1	5.8
2003	11	21	0	0	0	-2.8	-5.9	-15.9	0.2
2003	11	22	0	0	0	-7.5	-11.5	-28.8	2.1
2003	11	23	0	0	0	-7.3	-7.5	-15.5	4
2003	11	24	0	0	0	-4.8	-3.7	-6.4	5.1
2003	11	25	0	0	0	-3.3	-4.7	-7.9	4.6
2003	11	26	0	0	0	-1.8	-2.3	-6.5	4.2
2003	11	27	0	0	0	-3.4	-6.3	-6.8	4.2
2003	11	28	0	0	0	-5.6	-6.3	-5.3	5.6
2003	11	29	0	0	0	0.6	2.6	-1.3	5.2
2003	11	30	0	0	0	3.2	2.3	-9	6.7
2003	12	1	0	0	0	-0.8	-3.8	-16.6	14.2
2003	12	2	0	0	0	1.1	-2.7	-3.7	12.9
2003	12	3	0	0	0	2.2	0.8	-1.6	17.8
2003	12	4	0	0	0	-2.6	-4.4	-14.8	21.4
2003	12	5	0	0	0	1.8	-1.3	-4.7	18.3
2003	12	6	0	0	0	1	0.6	-0.3	14.1
2003	12	7	0	0	0	0.3	-2	-5.4	11.5
2003	12	8	0	0	0	-2	-4.3	-11.4	9.7
2003	12	9	0	0	0	-2.7	-4.1	-7.7	9.5
2003	12	10	0	0	0	-3.4	-7.4	-12.4	17
2003	12	11	0	0	0	-3.6	-10.8	-22.3	16.9
2003	12	12	0	0	0	-3	-6	-6.3	17.7
2003	12	13	0	0	0	-1.4	-7.2	-5.6	19.1
2003	12	14	0	0	0	0.9	-1.2	-3.3	17.3
2003	12	15	0	0	0	-0.7	-2.3	-5.3	12
2003	12	16	0	0	0	-3.5	-3.8	-5.5	9.5
2003	12	17	0	0	0	1.3	-1	-3.3	8.9
2003	12	18	0	0	0	-3.4	-9.1	-8.1	10.3
2003	12	19	0	0	0	-5.6	-10.1	-13.6	11.1
2003	12	20	0	0	0	-5.3	-6.3	-7.4	14.5
2003	12	21	0	0	0	-2.1	-3.2	-2.5	17.4
2003	12	22	0	0	0	-3.2	-2.2	-3.9	21.7
2003	12	23	0	0	0	-4.3	-6.3	-8.3	17.6
2003	12	24	0	0	0	-5	-5.1	-6.6	10.3
2003	12	25	0	0	0	-1.4	-1.8	-1.6	8.1
2003	12	26	0	0	0	-2	-2.8	-5.1	7.6
2003	12	27	0	0	0	-2.7	-2.8	-14.5	6.7
2003	12	28	0	0	0	-7.3	-8.5	-11.6	9.1
2003	12	29	0	0	0	-7.9	-8.5	-14.9	11.2
2003	12	30	0	0	0	-11.9	-15.8	-24.9	9.9
2003	12	31	0	0	0	-9.7	-9.7	-13.3	10.2
2004	1	1	0	0	0	-8.4	-7.1	-11.1	10.2
2004	1	2	0	0	0	-4.8	-9.7	-17.6	9.1
2004	1	3	0	0	0	-6.4	-12.6	-23.8	8.7
2004	1	4	0	0	0	-14.1	-18.8	-27.1	9.9
2004	1	5	0	0	0	-20.5	-26.8	-36.5	12.5
2004	1	6	0	0	0	-26.3	-27	-35.1	16.8
2004	1	7	0	0	0	-16.8	-17.3	-15.4	18.9
2004	1	8	0	0	0	-11.3	-10.1	-8	19
2004	1	9	0	0	0	-6.5	-5.4	-3.8	20.8
2004	1	10	0	0	0	-6.4	-3.4	-2.3	21.9
2004	1	11	0	0	0	-5.8	-2.1	-2.3	17.5
2004	1	12	0	0	0	-6.1	-2.4	-2.6	14.8
2004	1	13	0	0	0	-6.3	-2.7	-3.7	17.5
2004	1	14	0	0	0	-6.4	-2.3	-1.3	15
2004	1	15	0	0	0	-7.1	-1.6	-2.9	13.4
2004	1	16	0	0	0	-5.2	-1.1	-2.1	11.6
2004	1	17	0	0	0	-5.6	-0.8	-4.5	14.7
2004	1	18	0	0	0	-6.8	-2.2	-5.5	16.4
2004	1	19	0	0	0	-4.9	-2.6	-4.3	15.4
2004	1	20	0	0	0	-2.3	-2.6	-8	14.7
2004	1	21	0	0	0	-1.8	-1.3	-6.3	14.5
2004	1	22	0	0	0	-2.7	-0.7	-7.6	15.1
2004	1	23	0	0	0	-1.3	-0.6	-5.2	14.5
2004	1	24	0	0	0	0.7	0.3	-5.4	15.3
2004	1	25	0	0	0	-3	-8.3	-17	14.9
2004	1	26	0	0	0	-4.4	-8.6	-16.7	14.9
2004	1	27	0	0	0	1.3	-1.5	-19.1	14.9
2004	1	28	0	0	0	2.6	-5.9	-15.6	16.1
2004	1	29	0	0	0	3.4	1.4	-1.7	16.1
2004	1	30	0	0	0	2.9	3.4	-0.6	16
2004	1	31	0	0	0	-1.1	-0.5	-6.1	16.6
2004	2	1	0	0	0	-3.7	-5.1	-12.2	18.5
2004	2	2	0	0	0	-5.2	-4.9	-17.5	20.5
2004	2	3	0	0	0	-4.4	-8.2	-11.7	19.9
2004	2	4	0	0	0	-2.1	-5.6	-5.4	21.1
2004	2	5	0	0	0	-0.4	-2.2	-10.2	19.9
2004	2	6	0	0	0	-5.6	-4.4	-7.4	18.7
2004	2	7	0	0	0	-2.6	-2.2	-5.7	18.2
2004	2	8	0	0	0	0.3	-0.4	-5.7	18.7
2004	2	9	0	0	0	-0.6	-1.1	-8	18.8
2004	2	10	0	0	0	0.1	-0.3	-4.5	19.1
2004	2	11	0	0	0	-1.8	-5.2	-9.8	18.2
2004	2	12	0	0	0	-6.2	-10	-8.9	19.1
2004	2	13	0	0	0	-8.6	-9.8	-12.1	19.1
2004	2	14	0	0	0	-7.1	-6.3	-10.9	19.8
2004	2	15	0	0	0	-3.8	-4.4	-3.8	19.2
2004	2	16	0	0	0	-2.8	-1.6	-3.9	15.3
2004	2	17	0	0	0	1.7	0.6	-2.1	15.6
2004	2	18	0	0	0	1.2	1.5	-2.5	14.9
2004	2	19	0	0	0	2.8	1.9	-1.3	15.6
2004	2	20	0	0	0	1.7	1	-3.1	15.6
2004	2	21	0	0	0	0.1	0.3	-3.8	17.3
2004	2	22	0	0	0	-2.8	-4.6	-4.8	18.8
2004	2	23	0	0	0	-2.7	-5.1	-3.3	19.5
2004	2	24	0	0	0	-0.7	-3.2	-3.6	21.1
2004	2	25	0	0	0	2.6	1.8	-1	21.1
2004	2	26	0	0	0	5.1	2.4	-0.6	18.1
2004	2	27	0	0	0	2.3	1.4	-0.6	19.1
2004	2	28	0	0	0	1.4	-1.6	-1.9	20.7
2004	2	29	0	0	0	0.8	0.9	-7.7	19.3
2004	3	1	0	0	0	1.3	-0.1	-9.6	20.3
2004	3	2	0	0	0	1	-1.3	-9.4	17.2
2004	3	3	0	0	0	-1.9	-5.7	-8.6	16.3
2004	3	4	0	0	0	-0.1	-0.5	-5.8	16.8
2004	3	5	0	0	0	0.9	0.1	-7.4	16.5
2004	3	6	0	0	0	-0.1	-0.3	-5.6	17.2
2004	3	7	0	0	0	1.1	-0.4	-3.3	18.4
2004	3	8	0	0	0	6.8	4.7	0.4	20.6
2004	3	9	0	0	0	5.3	1.4	2.4	23.6
2004	3	10	0	0	0	7.2	3.4	-1.4	22.9
2004	3	11	0	0	0	3.7	0.5	-0.9	21.7
2004	3	12	0	0	0	4.6	1.1	-0.4	21.7
2004	3	13	0	0	0	5.7	3.7	-2.2	22.1
2004	3	14	0	0	0	2.3	0.7	-4.5	21.3
2004	3	15	0	0	0	5.1	2.3	-2.4	22.6
2004	3	16	0	0	0	8	4.8	-0.9	21.4
2004	3	17	0	0	0	9.3	6.4	0.2	20.6
2004	3	18	0	0	0	8.8	8.7	1.6	20.5
2004	3	19	0	0	0	6.2	5.4	-2.6	21.8
2004	3	20	0	0	0	1.2	0.8	-4.6	22
2004	3	21	0	0	0	5.3	3.7	-1.4	23.1
2004	3	22	0	0	0	9	6.1	1.1	22.4
2004	3	23	0	0	0	10.7	6.1	0.4	23.2
2004	3	24	0	0	0	7.7	6.1	1.1	22.9
2004	3	25	0	0	0	6.7	5.5	-1	23.2
2004	3	26	0	0	0	8.1	6.9	-0.1	23.2
2004	3	27	0	0	0	3.4	4.2	-2	23.8
2004	3	28	0	0	0	3.4	5.1	-2.2	24.7
2004	3	29	0	0	0	5.9	5	0.5	23.5
2004	3	30	0	0	0	10.9	8.2	3.5	23.4
2004	3	31	0	0	0	10.9	9.7	3.5	17.9
2004	4	1	0	0	0	4.4	4.4	-0.2	19.1
2004	4	2	0	0	0	4.7	5.2	-0.2	22.8
2004	4	3	0	0	0	8.7	7.2	-0.6	24.6
2004	4	4	0	0	0	10.9	10.1	3.6	21
2004	4	5	0	0	0	9.1	7.9	3.7	19.7
2004	4	6	0	0	0	11.6	10.6	2.5	19.3
2004	4	7	0	0	0	10.9	11.6	3.5	21.5
2004	4	8	0	0	0	9.4	7.7	4.1	20.8
2004	4	9	0	0	0	6	6.9	3.2	21.2
2004	4	10	0	0	0	4.7	6.8	3.5	20.8
2004	4	11	0	0	0	7.4	7	4.6	20.4
2004	4	12	0	0	0	10.2	9.1	6.1	20.2
2004	4	13	0	0	0	11.2	11.5	6.6	21.1
2004	4	14	0	0	0	10.9	11.1	4.2	21.4
2004	4	15	0	0	0	5.5	4.8	1.1	22.2
2004	4	16	0	0	0	5.2	4.3	1	22.1
2004	4	17	0	0	0	5.8	4.1	-0.4	20.4
2004	4	18	0	0	0	5.9	4.4	0.6	19.8
2004	4	19	0	0	0	6.6	5.7	0.9	18.9
2004	4	20	0	0	0	5.5	5.2	0.6	22.3
2004	4	21	0	0	0	5.4	4.9	1.4	25.3
2004	4	22	0	0	0	6.9	5.9	3.2	24.9
2004	4	23	0	0	0	9.6	9.2	4.7	22.8
2004	4	24	0	0	0	9.9	8.9	2.2	18.8
2004	4	25	0	0	0	7.6	6.4	2	19.5
2004	4	26	0	0	0	11.9	9.9	5.6	20
2004	4	27	0	0	0	14.3	12.1	8.5	19.5
2004	4	28	0	0	0	7.3	7.3	2.2	19.9
2004	4	29	0	0	0	4.6	5.1	3.5	20.6
2004	4	30	0	0	0	9.5	9.5	6.4	22.3
2004	5	1	0	0	0	12.1	12.1	7.3	21.4
2004	5	2	0	0	0	15.3	13.6	10.6	20.4
2004	5	3	0	0	0	17.2	15.4	8.4	20.1
2004	5	4	0	0	0	14.3	12.3	8.2	19.7
2004	5	5	0	0	0	14.4	13.6	5.1	18.6
2004	5	6	0	0	0	12.8	9.6	3.7	19.3
2004	5	7	0	0	0	15.4	14.2	5.9	19.9
2004	5	8	0	0	0	14.5	10.6	6.1	19.6
2004	5	9	0	0	0	10.6	10.8	3.7	19.7
2004	5	10	0	0	0	7.2	8.9	4.5	19.6
2004	5	11	0	0	0	5.2	7.7	1.9	19.2
2004	5	12	0	0	0	4	4.4	-0.7	19.7
2004	5	13	0	0	0	4.1	3.5	1.1	19.2
2004	5	14	0	0	0	6.4	7	1	19.8
2004	5	15	0	0	0	9.8	8.8	4.1	20.1
2004	5	16	0	0	0	11.4	12.8	6.1	20.3
2004	5	17	0	0	0	10.5	10.3	7.5	19.7
2004	5	18	0	0	0	10.1	13.6	9.4	19.4
2004	5	19	0	0	0	10.1	13.4	9.1	18.1
2004	5	20	0	0	0	11.1	12.4	7.3	18.1
2004	5	21	0	0	0	11.2	10.4	5.1	19.2
2004	5	22	0	0	0	10.1	8.3	3	19.7
2004	5	23	0	0	0	6.7	9	2	20.4
2004	5	24	0	0	0	7.2	8.3	2.1	20.4
2004	5	25	0	0	0	8.1	11.4	5.3	19.5
2004	5	26	0	0	0	12.6	12.1	7.5	19.2
2004	5	27	0	0	0	12.7	12.8	7.8	19.3
2004	5	28	0	0	0	11.1	12.3	6.8	22.1
2004	5	29	0	0	0	8.2	8.7	5.1	22.4
2004	5	30	0	0	0	9.6	10.3	4.2	21
2004	5	31	0	0	0	10.6	10.4	4.8	20.2
2004	6	1	0	0	0	12	11	5.7	18.9
2004	6	2	0	0	0	13.8	12.1	6.7	19.2
2004	6	3	0	0	0	16.1	16.2	11	15.4
2004	6	4	0	0	0	20.2	17.7	14	15.1
2004	6	5	0	0	0	19.6	18.1	13.7	15.8
2004	6	6	0	0	0	13.4	13.7	6.4	15.5
2004	6	7	0	0	0	10.3	10.1	6.6	15.3
2004	6	8	0	0	0	12.8	12.6	7.8	15.9
2004	6	9	0	0	0	13.3	12.3	8.5	17.1
2004	6	10	0	0	0	12.4	13.3	9.6	17.3
2004	6	11	0	0	0	12.1	12.1	7.9	12.4
2004	6	12	0	0	0	11.7	10.3	6.4	11.1
2004	6	13	0	0	0	14.1	11.8	6.2	13.8
2004	6	14	0	0	0	12.5	13.3	5.7	16.4
2004	6	15	0	0	0	11.6	9	5.5	15.6
2004	6	16	0	0	0	11.5	12	7.7	18
2004	6	17	0	0	0	15.4	14.9	8.6	17.1
2004	6	18	0	0	0	14.7	13	7.9	17.8
2004	6	19	0	0	0	12.6	14.3	9.9	16.4
2004	6	20	0	0	0	13.3	11.2	9.4	14.1
2004	6	21	0	0	0	15.8	15	11.5	16.7
2004	6	22	0	0	0	19.8	17.9	15.3	12.6
2004	6	23	0	0	0	19.3	18	16.4	11.9
2004	6	24	0	0	0	23.1	20.8	13.5	12.6
2004	6	25	0	0	0	21.8	21.2	13.1	12.8
2004	6	26	0	0	0	18.9	16.1	10.8	14
2004	6	27	0	0	0	18.9	16.6	10.9	15.4
2004	6	28	0	0	0	19.2	19.5	13.9	14.4
2004	6	29	0	0	0	20.8	20.3	15.8	14.5
2004	6	30	0	0	0	21.1	21.1	16.2	15.1
2004	7	1	0	0	0	21.9	18.7	13.7	14.2
2004	7	2	0	0	0	25.6	22.1	14.4	10.9
2004	7	3	0	0	0	20	17	13.5	11.3
2004	7	4	0	0	0	18.6	14.9	10.5	12.4
2004	7	5	0	0	0	13.9	14.5	9.3	12.1
2004	7	6	0	0	0	18.8	17.3	13.3	12.6
2004	7	7	0	0	0	20.4	16.3	10	12.6
2004	7	8	0	0	0	14.1	12.1	6.3	13.9
2004	7	9	0	0	0	16	13.7	9.3	12.1
2004	7	10	0	0	0	22	18.5	10.4	12.2
2004	7	11	0	0	0	20.5	19.1	10.2	14.1
2004	7	12	0	0	0	17.9	15.1	10.9	14.9
2004	7	13	0	0	0	22.4	19.4	15.3	13.7
2004	7	14	0	0	0	25.4	22.7	17.2	13.3
2004	7	15	0	0	0	27.2	26.8	18.5	14.4
2004	7	16	0	0	0	27.6	25.2	19.6	12.6
2004	7	17	0	0	0	26.3	23.7	18.6	11.6
2004	7	18	0	0	0	26.4	22.8	19.6	11
2004	7	19	0	0	0	22.3	22.6	18.3	11.6
2004	7	20	0	0	0	20.4	19.1	14.7	10.6
2004	7	21	0	0	0	19.7	23.2	12.5	11.2
2004	7	22	0	0	0	20.9	20.6	13.9	6.8
2004	7	23	0	0	0	24.1	21.8	15.4	4.6
2004	7	24	0	0	0	24.7	20.8	15.8	5.2
2004	7	25	0	0	0	24.2	22.1	16.8	7.3
2004	7	26	0	0	0	21.7	24.3	16.8	7.7
2004	7	27	0	0	0	22.3	21.7	15.9	8.1
2004	7	28	0	0	0	22	20	14.3	9.1
2004	7	29	0	0	0	21.5	19.4	16.8	8
2004	7	30	0	0	0	23	21.1	16.6	7.2
2004	7	31	0	0	0	21.8	21.3	16.5	7.5
2004	8	1	0	0	0	23.5	21.3	17	9.1
2004	8	2	0	0	0	23.9	23.3	17.1	6.2
2004	8	3	0	0	0	24.1	21.8	15.1	6.8
2004	8	4	0	0	0	20.2	18.6	12.4	7.3
2004	8	5	0	0	0	22.2	20.4	14.4	7.1
2004	8	6	0	0	0	21.8	18.1	11.9	10.8
2004	8	7	0	0	0	18.2	14.8	9.4	17.3
2004	8	8	0	0	0	15.3	15.4	10.6	15
2004	8	9	0	0	0	21.8	19.7	11.9	11.9
2004	8	10	0	0	0	22.4	21.1	13	8.9
2004	8	11	0	0	0	22.3	19.7	15.2	8.4
2004	8	12	0	0	0	23.3	20.4	16.9	8.6
2004	8	13	0	0	0	23.1	21.3	17.6	8.9
2004	8	14	0	0	0	24.2	22.2	19	8.4
2004	8	15	0	0	0	24.6	26.4	19.7	8.4
2004	8	16	0	0	0	26.4	27.3	18.9	9.1
2004	8	17	0	0	0	23.2	24.4	18.3	7.1
2004	8	18	0	0	0	20.6	21.1	14.5	7.2
2004	8	19	0	0	0	18.8	16.7	12.4	8.4
2004	8	20	0	0	0	18.5	18.8	14.2	8.4
2004	8	21	0	0	0	21.9	21.5	15.5	10.2
2004	8	22	0	0	0	20.4	19.7	12.1	3.6
2004	8	23	0	0	0	13.8	14	9.5	2.3
2004	8	24	0	0	0	11.8	12	8.4	5.4
2004	8	25	0	0	0	14	12.8	8.8	6.3
2004	8	26	0	0	0	12.3	12.3	8.3	6.3
2004	8	27	0	0	0	13.2	13.2	9	6.4
2004	8	28	0	0	0	12.8	14.1	9	8.6
2004	8	29	0	0	0	15.5	15.2	10.1	12.4
2004	8	30	0	0	0	17.3	16	12	12.3
2004	8	31	0	0	0	18.9	17.4	13	12.2
2004	9	1	0	0	0	19.9	17.4	12.7	14.4
2004	9	2	0	0	0	12.8	13	5	11.9
2004	9	3	0	0	0	8.4	10.4	4.4	8.8
2004	9	4	0	0	0	12.3	12.7	7.8	11.6
2004	9	5	0	0	0	14.1	13.1	7.9	11.1
2004	9	6	0	0	0	11.8	10.6	6.7	8.9
2004	9	7	0	0	0	14.3	12.9	5.6	10.4
2004	9	8	0	0	0	14.1	11.9	6.5	7.4
2004	9	9	0	0	0	15.1	13.9	7.4	7
2004	9	10	0	0	0	14.7	11.1	8.1	6.2
2004	9	11	0	0	0	14.5	11.8	8	9.6
2004	9	12	0	0	0	13.7	14.2	7.4	11.4
2004	9	13	0	0	0	11.4	10.8	6.1	10.6
2004	9	14	0	0	0	10	9.9	5.9	13.3
2004	9	15	0	0	0	10.1	8.4	4.5	14.4
2004	9	16	0	0	0	10.9	9.9	5.2	13.3
2004	9	17	0	0	0	10.6	11.3	5.8	8.5
2004	9	18	0	0	0	10.6	10.5	5.9	9.9
2004	9	19	0	0	0	8.1	7.1	2.9	12.6
2004	9	20	0	0	0	7.3	7.3	4.1	8.7
2004	9	21	0	0	0	5.9	5.4	2.4	4.8
2004	9	22	0	0	0	9.9	9.5	5.2	5.7
2004	9	23	0	0	0	11.3	10.3	7.4	5.6
2004	9	24	0	0	0	11.7	10.3	7.3	6.4
2004	9	25	0	0	0	11.3	11.7	9.5	8.2
2004	9	26	0	0	0	13.1	12.9	9.3	4.7
2004	9	27	0	0	0	15.1	16.2	9.3	3.8
2004	9	28	0	0	0	12.3	11.2	9.2	5.3
2004	9	29	0	0	0	12.2	12	9.6	6.8
2004	9	30	0	0	0	12.1	13	7.6	8.9
2004	10	1	0	0	0	11.6	9.2	3.7	8.8
2004	10	2	0	0	0	9.4	6.8	5.6	12.6
2004	10	3	0	0	0	10	8.8	6.5	14.8
2004	10	4	0	0	0	9.8	8.8	6.1	12.6
2004	10	5	0	0	0	9.6	8	6.7	7.2
2004	10	6	0	0	0	9.7	7.4	6.8	4.9
2004	10	7	0	0	0	14.4	12.4	6.4	3.6
2004	10	8	0	0	0	8.7	7.1	5.4	3.4
2004	10	9	0	0	0	10.2	7.7	7.3	4.6
2004	10	10	0	0	0	5	7.7	3.6	4.2
2004	10	11	0	0	0	4.1	4.8	3.5	4.8
2004	10	12	0	0	0	8.7	9.9	6.1	8.5
2004	10	13	0	0	0	6.9	6.7	6	7.4
2004	10	14	0	0	0	9.8	9.1	8.1	6.7
2004	10	15	0	0	0	14.7	12.4	6.5	5.9
2004	10	16	0	0	0	12.8	9.3	6.2	6.3
2004	10	17	0	0	0	7.8	3.5	-3.2	5.7
2004	10	18	0	0	0	6.7	2.7	-3.3	8
2004	10	19	0	0	0	5.6	5.1	-0.6	12.3
2004	10	20	0	0	0	9.2	4.5	-1.1	12.4
2004	10	21	0	0	0	6.6	5.9	0.3	7.4
2004	10	22	0	0	0	4.7	3.2	-1.6	2.2
2004	10	23	0	0	0	5.3	4.8	-0.8	0.7
2004	10	24	0	0	0	2.3	0.9	-2.9	1.9
2004	10	25	0	0	0	2	1.8	-1.9	3
2004	10	26	0	0	0	1.1	1	-2.4	5.6
2004	10	27	0	0	0	0.4	-0.3	-0.8	6.2
2004	10	28	0	0	0	1.3	-0.1	-1.5	9
2004	10	29	0	0	0	2.4	2.5	-1.5	7.9
2004	10	30	0	0	0	5.4	5.5	0.3	5.9
2004	10	31	0	0	0	1.8	2.3	-2.2	4.8
2004	11	1	0	0	0	-1.3	-2.2	-4.6	5
2004	11	2	0	0	0	4.1	3.7	-1.4	6.2
2004	11	3	0	0	0	7.3	5.2	-1.2	6.2
2004	11	4	0	0	0	-1.4	-1.9	-3.9	5.9
2004	11	5	0	0	0	-1.1	-0.3	-3	4.9
2004	11	6	0	0	0	0.8	2.4	-2	4.4
2004	11	7	0	0	0	7.2	5.9	-0.1	7.7
2004	11	8	0	0	0	4.1	0.8	0.5	6.4
2004	11	9	0	0	0	0.9	-0.5	-0.8	6
2004	11	10	0	0	0	4.3	3.4	0	17.6
2004	11	11	0	0	0	2.3	1.4	-0.9	18.5
2004	11	12	0	0	0	0.1	-0.7	-1.2	14
2004	11	13	0	0	0	-0.6	0.3	-8.3	14.8
2004	11	14	0	0	0	-0.1	1.2	-3.1	15.3
2004	11	15	0	0	0	0.3	0.4	-1.8	6.4
2004	11	16	0	0	0	1.4	2.8	0.4	4
2004	11	17	0	0	0	3.2	6.1	-0.3	4.7
2004	11	18	0	0	0	-1.1	-1.1	-0.7	5.9
2004	11	19	0	0	0	2.1	2.7	-2	3.4
2004	11	20	0	0	0	-0.4	-0.2	-5.5	4.2
2004	11	21	0	0	0	-3.2	-3.6	-4.5	4.4
2004	11	22	0	0	0	-1.2	-0.2	-3.6	4.1
2004	11	23	0	0	0	0.9	-1.2	-4.4	4.2
2004	11	24	0	0	0	2.7	1.1	-2.4	4.4
2004	11	25	0	0	0	6.4	4.6	1.1	3.6
2004	11	26	0	0	0	2.7	1.7	-3	3.4
2004	11	27	0	0	0	-3.8	-2.1	-4.7	6.1
2004	11	28	0	0	0	-4.4	-5.1	-7.7	2.9
2004	11	29	0	0	0	-4	-4.8	-6.8	3.6
2004	11	30	0	0	0	-5.9	-2.4	-7.4	11.7
2004	12	1	0	0	0	-2.4	-2	-5.9	9.9
2004	12	2	0	0	0	-0.1	0	-5.7	5.9
2004	12	3	0	0	0	0.2	1.6	-5.9	4.6
2004	12	4	0	0	0	-0.5	1.5	-3.9	5.6
2004	12	5	0	0	0	-4.2	-0.6	-4.1	12.1
2004	12	6	0	0	0	-0.4	-1.2	-5.7	12.1
2004	12	7	0	0	0	-0.2	-1.3	-8.4	13.6
2004	12	8	0	0	0	1.9	0.8	-3.2	15.9
2004	12	9	0	0	0	2.4	2.4	-3	15.2
2004	12	10	0	0	0	3	0.7	-2.4	8.6
2004	12	11	0	0	0	8.2	6.6	0.3	9.8
2004	12	12	0	0	0	2.4	-1.8	-7.6	13.6
2004	12	13	0	0	0	-2.9	-3.3	-10.4	9.3
2004	12	14	0	0	0	-1.6	-1.4	-6.4	7.6
2004	12	15	0	0	0	2.1	2	-1.7	8.1
2004	12	16	0	0	0	-0.9	1	-3	8.1
2004	12	17	0	0	0	-1.3	0.2	-3.2	9.9
2004	12	18	0	0	0	-2.2	-1.5	-4.3	11.3
2004	12	19	0	0	0	1.1	1.6	-1.9	8.7
2004	12	20	0	0	0	3.5	3.2	-4.3	9.4
2004	12	21	0	0	0	-0.7	-1.9	-6.3	8.4
2004	12	22	0	0	0	-3.1	-5.1	-11.1	9.7
2004	12	23	0	0	0	-10.3	-9.6	-16.3	9.3
2004	12	24	0	0	0	-7	-5.9	-7.4	8.9
2004	12	25	0	0	0	-1.7	-2.6	-4.8	8.6
2004	12	26	0	0	0	-2.7	-1.3	-5.6	9.4
2004	12	27	0	0	0	-4.6	-3.3	-14.2	9.8
2004	12	28	0	0	0	-5.9	-3.1	-13.6	8.9
2004	12	29	0	0	0	-6	-4.1	-8.1	7.9
2004	12	30	0	0	0	-2.7	-4.3	-8	5.9
2004	12	31	0	0	0	-3.4	-8.3	-18	6.4
2005	1	1	0	0	0	-9.9	-12.8	-22.3	6.6
2005	1	2	0	0	0	-10.4	-10.7	-20.6	8.2
2005	1	3	0	0	0	-12.6	-10.4	-18	7.6
2005	1	4	0	0	0	-12.6	-9.1	-16.8	7.5
2005	1	5	0	0	0	-13.5	-16.3	-19.4	10.8
2005	1	6	0	0	0	-16.4	-12.8	-14.4	8.1
2005	1	7	0	0	0	-8.4	-8.1	-15.6	8.7
2005	1	8	0	0	0	-5.3	-10.1	-19.1	8.4
2005	1	9	0	0	0	-7.8	-11.1	-20	12.3
2005	1	10	0	0	0	-9.9	-10	-17.9	14
2005	1	11	0	0	0	-8.4	-8.6	-18.1	10.4
2005	1	12	0	0	0	-5.7	-4	-12.2	9.9
2005	1	13	0	0	0	-3.1	-11.2	-26.1	11.9
2005	1	14	0	0	0	-8.5	-22.6	-29.1	12.7
2005	1	15	0	0	0	-17.6	-23.6	-35.4	10.6
2005	1	16	0	0	0	-13.3	-17.7	-19	12.4
2005	1	17	0	0	0	-7.9	-9.4	-8.5	14.8
2005	1	18	0	0	0	-1	-0.9	-1.3	16.4
2005	1	19	0	0	0	1	4.3	1.1	21.2
2005	1	20	0	0	0	-1.3	2.2	1.2	23.4
2005	1	21	0	0	0	2.3	2.4	0	17.2
2005	1	22	0	0	0	-0.6	1.6	-0.3	18.6
2005	1	23	0	0	0	1.7	2.2	1.3	18.2
2005	1	24	0	0	0	-1.3	-0.2	1	20.2
2005	1	25	0	0	0	-2.1	-0.8	0	24.7
2005	1	26	0	0	0	-1.6	0.6	-0.5	20.4
2005	1	27	0	0	0	0.3	0	-0.2	19
2005	1	28	0	0	0	1.4	0.6	-0.2	19.1
2005	1	29	0	0	0	-0.3	0.1	-1.1	21.7
2005	1	30	0	0	0	1.9	1.4	-1	25.5
2005	1	31	0	0	0	0.8	1.9	-1.1	20.9
2005	2	1	0	0	0	1.7	2.4	-1.8	22.3
2005	2	2	0	0	0	0.1	3.9	-1.9	19.2
2005	2	3	0	0	0	-1	1.2	-0.8	18.2
2005	2	4	0	0	0	-0.3	1.2	-0.2	17.3
2005	2	5	0	0	0	2.3	3.2	-3.3	18.7
2005	2	6	0	0	0	-1.4	-1.3	-6.6	20.1
2005	2	7	0	0	0	-3.6	-3.3	-9.6	19.6
2005	2	8	0	0	0	-1.4	-3.9	-8.3	20.7
2005	2	9	0	0	0	-1.2	-0.6	-7.4	19.7
2005	2	10	0	0	0	-2.3	-2.5	-5.9	19.1
2005	2	11	0	0	0	-2.1	-1.5	-11.2	16.9
2005	2	12	0	0	0	-0.2	-0.3	-4.6	18.3
2005	2	13	0	0	0	3.7	4.2	-2.1	22.6
2005	2	14	0	0	0	-2.1	-2.1	-6.7	23.5
2005	2	15	0	0	0	-3.6	-6.4	-10.3	22.6
2005	2	16	0	0	0	-5.4	-6.1	-16.5	26.6
2005	2	17	0	0	0	-4.8	-4.6	-8.1	19.6
2005	2	18	0	0	0	-3.9	-3.9	-11.4	19.2
2005	2	19	0	0	0	-2.8	-3.4	-10.8	18.7
2005	2	20	0	0	0	-0.8	-1.6	-11.7	19.2
2005	2	21	0	0	0	-1.7	-2.8	-9.6	15.3
2005	2	22	0	0	0	-2.4	-4.1	-11.8	15.6
2005	2	23	0	0	0	-3.8	-2.8	-12.9	15.6
2005	2	24	0	0	0	-0.9	-1.6	-6.8	17.2
2005	2	25	0	0	0	-0.2	-0.8	-5.6	17
2005	2	26	0	0	0	0.6	-0.4	-3.7	17.4
2005	2	27	0	0	0	1.3	0.1	-4	17.8
2005	2	28	0	0	0	1.1	0.4	-3.4	17
2005	3	1	0	0	0	5.8	4.1	-0.3	16.4
2005	3	2	0	0	0	2.7	1.8	0.3	20.1
2005	3	3	0	0	0	4.1	1.7	-1	24.7
2005	3	4	0	0	0	3.4	1.8	-0.5	22.7
2005	3	5	0	0	0	3.7	2.2	0.6	23.3
2005	3	6	0	0	0	6.3	6.3	1.4	17.9
2005	3	7	0	0	0	8.6	5.4	-0.8	18.3
2005	3	8	0	0	0	10.7	6.7	0.5	19.1
2005	3	9	0	0	0	9.8	7.7	2.8	19.7
2005	3	10	0	0	0	6	3.3	0.4	19.5
2005	3	11	0	0	0	5.3	3.6	1.3	20
2005	3	12	0	0	0	6.5	8.1	-0.2	20.4
2005	3	13	0	0	0	0.7	1.6	-2.3	22.6
2005	3	14	0	0	0	2.1	1.5	-4.1	22.4
2005	3	15	0	0	0	3.2	2.1	-3.4	20.4
2005	3	16	0	0	0	6.8	5.7	-2.2	19.3
2005	3	17	0	0	0	2.8	1	-5.4	19.1
2005	3	18	0	0	0	0	-1.6	-9.7	19.4
2005	3	19	0	0	0	1	-4.8	-11.3	18.6
2005	3	20	0	0	0	3.3	-2.7	-8.2	19.1
2005	3	21	0	0	0	2.7	0.4	-2.9	20.2
2005	3	22	0	0	0	1.1	-1.7	-6.4	20.5
2005	3	23	0	0	0	-0.9	-1.9	-9.8	21.4
2005	3	24	0	0	0	-2.9	-2.4	-9.8	22
2005	3	25	0	0	0	1.4	-0.5	-9.9	22.1
2005	3	26	0	0	0	1.6	2.1	-3.4	26.3
2005	3	27	0	0	0	8.6	5.3	-1.2	28.6
2005	3	28	0	0	0	7.6	6.7	0.4	26.2
2005	3	29	0	0	0	2.7	3.3	-2.2	22.2
2005	3	30	0	0	0	3.1	2.7	-1.7	22.3
2005	3	31	0	0	0	2.7	2.2	-7.8	22.2
2005	4	1	0	0	0	4.9	4.3	-1.7	22.9
2005	4	2	0	0	0	6.7	5.7	-2.1	22.4
2005	4	3	0	0	0	4.7	3	-2.1	22.4
2005	4	4	0	0	0	4.3	4.4	-3.6	21.6
2005	4	5	0	0	0	3.7	2.8	-0.7	19.4
2005	4	6	0	0	0	6.3	4.9	1	21.3
2005	4	7	0	0	0	11.2	9.7	4.5	20.1
2005	4	8	0	0	0	8.9	9.1	1.2	19.3
2005	4	9	0	0	0	6	3.4	-0.8	17.9
2005	4	10	0	0	0	6.7	5.4	-0.9	20.3
2005	4	11	0	0	0	4.2	3.8	-1.1	19.6
2005	4	12	0	0	0	5.1	2.9	-2.2	20.4
2005	4	13	0	0	0	4	3.3	-0.7	20.9
2005	4	14	0	0	0	2.7	3.3	-0.6	21.5
2005	4	15	0	0	0	3.5	4.1	-1.7	20.3
2005	4	16	0	0	0	7.2	9.5	2.2	20.8
2005	4	17	0	0	0	10.2	9.4	3.2	21.7
2005	4	18	0	0	0	5.2	4.8	-0.7	21.4
2005	4	19	0	0	0	6.7	7.9	0.7	21.6
2005	4	20	0	0	0	5.9	10.2	2.5	21.5
2005	4	21	0	0	0	6.7	7.9	5.3	22.4
2005	4	22	0	0	0	10.6	8.4	7.1	21.7
2005	4	23	0	0	0	12.1	10.7	7.1	22.3
2005	4	24	0	0	0	11.2	14.7	7.8	18.8
2005	4	25	0	0	0	12.7	12.3	9.4	18.6
2005	4	26	0	0	0	12.1	12.7	9.9	20.1
2005	4	27	0	0	0	8.4	7.4	1.2	21.2
2005	4	28	0	0	0	2.3	0.7	-2	20.7
2005	4	29	0	0	0	3	1.7	-2.5	20.3
2005	4	30	0	0	0	5	5.8	-0.3	19.9
2005	5	1	0	0	0	8.2	6.7	-0.6	20.8
2005	5	2	0	0	0	9.6	8.8	1.9	19.2
2005	5	3	0	0	0	10.4	9.6	4.3	19.3
2005	5	4	0	0	0	8.3	9.9	6.4	18.6
2005	5	5	0	0	0	11.3	10.6	6.5	20.4
2005	5	6	0	0	0	13.2	13.8	9.3	20.3
2005	5	7	0	0	0	10.7	12.4	7.3	19.7
2005	5	8	0	0	0	12.2	11.6	6.9	18.8
2005	5	9	0	0	0	13.2	12.2	6.2	17.7
2005	5	10	0	0	0	9.9	13.2	4.6	16.9
2005	5	11	0	0	0	10	10.9	4.4	18
2005	5	12	0	0	0	9	9.2	7.4	19.1
2005	5	13	0	0	0	13.1	12.3	9.9	19.1
2005	5	14	0	0	0	13.3	13.8	9.3	19.1
2005	5	15	0	0	0	12.2	12.1	9.7	19.3
2005	5	16	0	0	0	13.4	14.5	10.2	18.6
2005	5	17	0	0	0	8.5	11.3	6.2	19
2005	5	18	0	0	0	7.1	9.1	4	18.8
2005	5	19	0	0	0	11.9	11	5.8	19.1
2005	5	20	0	0	0	10.4	8.9	4.5	18.9
2005	5	21	0	0	0	9.9	9.1	3.2	19.1
2005	5	22	0	0	0	11.6	9.5	4.3	20.1
2005	5	23	0	0	0	8.5	10.1	3.4	20.6
2005	5	24	0	0	0	8.3	7.9	4.5	19.9
2005	5	25	0	0	0	9	9.6	5.6	18.5
2005	5	26	0	0	0	12.3	12.6	8.4	19.7
2005	5	27	0	0	0	14.6	13.9	11	19.9
2005	5	28	0	0	0	16.8	16.3	12.7	21.2
2005	5	29	0	0	0	18.5	18.1	10.7	22.7
2005	5	30	0	0	0	15.4	14	11.3	22.3
2005	5	31	0	0	0	13.2	13.5	10.5	20.3
2005	6	1	0	0	0	10.3	11.2	6.4	23.7
2005	6	2	0	0	0	8.7	8.9	7.9	24.4
2005	6	3	0	0	0	9.4	10	9.3	23.3
2005	6	4	0	0	0	12.3	12.7	8.5	23
2005	6	5	0	0	0	13.9	13.9	8.8	22.5
2005	6	6	0	0	0	9.2	10.9	6.2	26.8
2005	6	7	0	0	0	9.4	8.9	4.8	18.1
2005	6	8	0	0	0	10	8.9	4.9	16
2005	6	9	0	0	0	10.8	9.2	5.6	16.4
2005	6	10	0	0	0	12.8	11.6	8.9	17.7
2005	6	11	0	0	0	13.8	12.6	8.2	17.6
2005	6	12	0	0	0	11.9	10.8	6.8	18.3
2005	6	13	0	0	0	10.1	9.4	6.5	20
2005	6	14	0	0	0	13.2	11	6.5	21.5
2005	6	15	0	0	0	16.6	12.6	6.2	23.3
2005	6	16	0	0	0	15.8	14.5	8.2	23.8
2005	6	17	0	0	0	14.9	15.7	9.8	23.2
2005	6	18	0	0	0	9.4	11.7	6.9	20.9
2005	6	19	0	0	0	11.8	12.6	7.7	19.9
2005	6	20	0	0	0	17.7	16.2	10.2	17.9
2005	6	21	0	0	0	21.1	19.5	15.5	16.7
2005	6	22	0	0	0	23.3	22.2	16	16.8
2005	6	23	0	0	0	20.3	18	10.2	17.9
2005	6	24	0	0	0	16.8	14.4	9.5	15.1
2005	6	25	0	0	0	16.7	15.4	10.6	14.3
2005	6	26	0	0	0	15.9	15.2	11	13
2005	6	27	0	0	0	15.7	15	10.6	8.6
2005	6	28	0	0	0	13.7	13.8	9.1	9
2005	6	29	0	0	0	14.9	14.2	9.7	11.7
2005	6	30	0	0	0	15.9	15.9	12	13.9
2005	7	1	0	0	0	19.9	18.2	11.6	15.4
2005	7	2	0	0	0	17.5	17.4	10.6	16.2
2005	7	3	0	0	0	15.4	12.2	8.5	15.3
2005	7	4	0	0	0	17.3	15.6	10.6	14.9
2005	7	5	0	0	0	19.8	17.6	13.1	14.8
2005	7	6	0	0	0	21.6	19.3	14.4	14.3
2005	7	7	0	0	0	23	20.7	11.3	14.8
2005	7	8	0	0	0	21.7	18	12	15.4
2005	7	9	0	0	0	20.5	18.1	10.6	14.4
2005	7	10	0	0	0	14.4	13.7	9.1	13.6
2005	7	11	0	0	0	19.3	16.7	10.2	11.5
2005	7	12	0	0	0	22.4	19.4	12.1	10.6
2005	7	13	0	0	0	25.6	21.6	14.5	10.7
2005	7	14	0	0	0	20.2	17.6	12.7	12.2
2005	7	15	0	0	0	21.9	18.7	14.3	13.1
2005	7	16	0	0	0	25.6	20.3	12.1	14.1
2005	7	17	0	0	0	14.8	14.8	10.7	14.3
2005	7	18	0	0	0	19.4	16.9	13.7	14.4
2005	7	19	0	0	0	23	20.9	14.5	13.1
2005	7	20	0	0	0	22.5	19.7	14.4	12.5
2005	7	21	0	0	0	22.6	20.2	15	12.1
2005	7	22	0	0	0	24.3	20.1	14.2	11.2
2005	7	23	0	0	0	24.1	22.2	13.5	8.1
2005	7	24	0	0	0	20.8	17.8	12.5	6.1
2005	7	25	0	0	0	20.8	19.5	12.9	6
2005	7	26	0	0	0	16.8	15.4	12.4	7.6
2005	7	27	0	0	0	20.3	18	14.3	9.8
2005	7	28	0	0	0	21.8	20.2	16.4	11.2
2005	7	29	0	0	0	23.1	21.2	16.7	11.8
2005	7	30	0	0	0	23.3	21.1	15.3	14
2005	7	31	0	0	0	24	20.9	16.6	18.7
2005	8	1	0	0	0	23.4	23.4	16.7	19.7
2005	8	2	0	0	0	22.4	21	15.1	12.1
2005	8	3	0	0	0	20.3	18.2	13	8.8
2005	8	4	0	0	0	20.9	18.8	13.1	12.4
2005	8	5	0	0	0	23.8	20.2	15.4	14.1
2005	8	6	0	0	0	24.7	21.4	16.1	14.1
2005	8	7	0	0	0	26	22	16.9	16.6
2005	8	8	0	0	0	24.8	22.1	16.5	11.4
2005	8	9	0	0	0	24.7	22.9	15.6	6.7
2005	8	10	0	0	0	23.6	23	13.2	6.6
2005	8	11	0	0	0	21.6	18.2	11.7	6.5
2005	8	12	0	0	0	19.7	16.3	10.3	6.8
2005	8	13	0	0	0	13.6	10.6	7.5	5.9
2005	8	14	0	0	0	14.8	12.9	11.5	4.3
2005	8	15	0	0	0	17.9	15.4	14.1	4
2005	8	16	0	0	0	20.2	19.6	15.5	4
2005	8	17	0	0	0	19.8	17.5	11.3	5.6
2005	8	18	0	0	0	15.8	12.3	7.4	6.2
2005	8	19	0	0	0	15.3	12.9	8.6	5.6
2005	8	20	0	0	0	18.1	15.2	11	6.3
2005	8	21	0	0	0	21.8	18	13.9	7
2005	8	22	0	0	0	22.2	18.6	15.9	5.3
2005	8	23	0	0	0	19.1	16.2	11.5	3.4
2005	8	24	0	0	0	15.1	12.1	6.7	3.6
2005	8	25	0	0	0	13.3	11.3	9.4	4.7
2005	8	26	0	0	0	17	13.8	10.8	5.3
2005	8	27	0	0	0	19.4	15.9	12.4	6.1
2005	8	28	0	0	0	20.4	17.2	13	7.7
2005	8	29	0	0	0	21	17.2	12.1	8.7
2005	8	30	0	0	0	15.8	12	7.4	7.7
2005	8	31	0	0	0	13.2	14.4	8.4	7.3
2005	9	1	0	0	0	15.4	13.3	9.5	7.1
2005	9	2	0	0	0	17.8	14.9	11.2	6.6
2005	9	3	0	0	0	20.6	18.8	11.5	6.4
2005	9	4	0	0	0	17.6	18.6	10	8.1
2005	9	5	0	0	0	16.2	16.3	8.2	11.2
2005	9	6	0	0	0	15.7	12.5	7	11.8
2005	9	7	0	0	0	16.9	13.8	8.8	9.4
2005	9	8	0	0	0	17.8	13.8	10.7	8.7
2005	9	9	0	0	0	17.4	14.1	10.9	6.9
2005	9	10	0	0	0	9	8	5.5	5
2005	9	11	0	0	0	8.6	4.9	3.9	4.5
2005	9	12	0	0	0	10.5	7.4	5.6	6.2
2005	9	13	0	0	0	11.1	9.7	5.4	10.5
2005	9	14	0	0	0	12.4	12.2	6.9	7.4
2005	9	15	0	0	0	13.2	12.1	5.3	9.3
2005	9	16	0	0	0	14.9	12.6	6.4	15.7
2005	9	17	0	0	0	12.2	12.6	5.6	15.3
2005	9	18	0	0	0	11.7	10.7	6.2	13.3
2005	9	19	0	0	0	12.1	10.5	7.2	14.2
2005	9	20	0	0	0	14.2	11.3	6.2	7.3
2005	9	21	0	0	0	13.6	10.2	4.4	3.1
2005	9	22	0	0	0	10.1	8.4	3.3	0.7
2005	9	23	0	0	0	12.1	9.9	3.6	1.2
2005	9	24	0	0	0	6.6	6.2	2.8	2.6
2005	9	25	0	0	0	8	5.9	3.2	2.9
2005	9	26	0	0	0	10.2	8.2	6.1	1.6
2005	9	27	0	0	0	12	8.7	4.8	2.7
2005	9	28	0	0	0	10.9	7.7	3.1	4.8
2005	9	29	0	0	0	10	12.1	6.2	7.7
2005	9	30	0	0	0	17.9	15.4	8.9	9.1
2005	10	1	0	0	0	13.3	10.3	5.4	4.7
2005	10	2	0	0	0	7.4	6.5	2.4	4.3
2005	10	3	0	0	0	6.6	4.8	0.2	10.8
2005	10	4	0	0	0	5.5	6.8	0.3	14.9
2005	10	5	0	0	0	5.8	5	0.8	12.2
2005	10	6	0	0	0	5.3	3.4	0.6	8.6
2005	10	7	0	0	0	8.8	8.6	3.9	13.4
2005	10	8	0	0	0	8.2	5.3	2.9	13.4
2005	10	9	0	0	0	6.6	3.3	0.9	6.9
2005	10	10	0	0	0	4.9	3.4	1.7	5.1
2005	10	11	0	0	0	6.8	6.9	3.1	4.4
2005	10	12	0	0	0	5	4.1	2	3.7
2005	10	13	0	0	0	8	8.3	4.1	6.1
2005	10	14	0	0	0	7.9	7.2	4.5	6.8
2005	10	15	0	0	0	10.6	8.4	7.2	0.8
2005	10	16	0	0	0	10.9	9.5	5.1	-1.2
2005	10	17	0	0	0	13.5	13.4	6.5	3.7
2005	10	18	0	0	0	13.3	13.6	7.2	8.6
2005	10	19	0	0	0	10.4	5.3	2.8	2.9
2005	10	20	0	0	0	10.4	9.4	4.8	1.8
2005	10	21	0	0	0	7.8	4.7	3.9	14.6
2005	10	22	0	0	0	6.8	4.1	2.4	16.7
2005	10	23	0	0	0	6	2.9	3	17.9
2005	10	24	0	0	0	6.4	4.8	4	4.5
2005	10	25	0	0	0	6.3	4.4	5.3	-0.4
2005	10	26	0	0	0	8.6	5	5.6	-1.1
2005	10	27	0	0	0	7.7	5.4	2.3	-0.9
2005	10	28	0	0	0	5.9	3.8	-0.4	-3
2005	10	29	0	0	0	5.2	4.6	0.9	-1.8
2005	10	30	0	0	0	5.3	4.9	0	-2.5
2005	10	31	0	0	0	1.1	1.1	-0.3	-5.2
2005	11	1	0	0	0	5.4	4.9	1.2	-5.2
2005	11	2	0	0	0	7.1	5.4	-0.4	-4.1
2005	11	3	0	0	0	4	1.2	-2.2	-3.6
2005	11	4	0	0	0	5	4.1	-1.2	-2.5
2005	11	5	0	0	0	2.7	3.6	-1.8	-1.4
2005	11	6	0	0	0	3	3.2	-2.1	-1.8
2005	11	7	0	0	0	1.3	1.1	-3	-1.7
2005	11	8	0	0	0	1	1.2	-4	-1.4
2005	11	9	0	0	0	-2.4	0.8	-3.6	-1.5
2005	11	10	0	0	0	-1.9	1.8	-2	-0.5
2005	11	11	0	0	0	1.1	7.4	1.3	0.7
2005	11	12	0	0	0	2.3	3.2	-2.9	3.1
2005	11	13	0	0	0	-0.1	0.8	-3.6	4.4
2005	11	14	0	0	0	1	0.5	-3	3.9
2005	11	15	0	0	0	-2.3	-4.2	-11.3	2.9
2005	11	16	0	0	0	-1.1	-0.8	-6.2	2
2005	11	17	0	0	0	2.1	-0.4	-4.2	1.9
2005	11	18	0	0	0	-1.7	0.6	-4.1	3
2005	11	19	0	0	0	-1.7	-2.5	-2.6	3.7
2005	11	20	0	0	0	-2	0.2	-1.7	3.3
2005	11	21	0	0	0	-1.7	0.2	-1.9	2.9
2005	11	22	0	0	0	-2.1	-0.4	-3.3	4.9
2005	11	23	0	0	0	-3.1	-1	-3.8	11.1
2005	11	24	0	0	0	-3.8	-2.1	-5.3	11.7
2005	11	25	0	0	0	-4.5	-1.7	-6.5	12.9
2005	11	26	0	0	0	-1.2	0.3	-2.2	12.6
2005	11	27	0	0	0	-1.2	-0.9	-4.3	11.9
2005	11	28	0	0	0	-3	-4.2	-9.7	8.6
2005	11	29	0	0	0	-5.8	-7.7	-10.9	4.6
2005	11	30	0	0	0	-4.5	-6.6	-17.4	5.6
2005	12	1	0	0	0	-6.1	-8.6	-20.9	5.3
2005	12	2	0	0	0	-4.2	-7.8	-16.5	5.1
2005	12	3	0	0	0	-3.1	-6.5	-16.1	5
2005	12	4	0	0	0	-6.3	-14.7	-22	6.1
2005	12	5	0	0	0	-4.8	-4.8	-14	5.8
2005	12	6	0	0	0	-8.2	-12.2	-22.3	5.7
2005	12	7	0	0	0	-20.1	-20.1	-30.7	11.5
2005	12	8	0	0	0	-21.2	-13.7	-18.4	5.8
2005	12	9	0	0	0	-14.7	-9.2	-13.4	5.3
2005	12	10	0	0	0	-12.5	-12.8	-8.4	5.3
2005	12	11	0	0	0	-12.4	-7	-9.4	6.1
2005	12	12	0	0	0	-14	-7.4	-14	7.3
2005	12	13	0	0	0	-8.6	-5.9	-8	6.9
2005	12	14	0	0	0	-2.6	-8.6	-8.8	10.3
2005	12	15	0	0	0	-11.6	-9.2	-18.9	16.8
2005	12	16	0	0	0	-10	-10.7	-17.8	18.7
2005	12	17	0	0	0	-9.4	-18.2	-16.7	13.6
2005	12	18	0	0	0	-15.7	-20.8	-21.3	19.3
2005	12	19	0	0	0	-17.3	-21.3	-26	24.6
2005	12	20	0	0	0	-8.2	-9.6	-7.8	22.2
2005	12	21	0	0	0	-3.8	-5	-1	11.1
2005	12	22	0	0	0	-0.3	-0.6	-0.1	12.9
2005	12	23	0	0	0	3.8	2.9	0	9.1
2005	12	24	0	0	0	1.4	2.3	-0.2	11.9
2005	12	25	0	0	0	-0.2	-0.9	0.1	14.7
2005	12	26	0	0	0	0.9	0.4	0.1	10.2
2005	12	27	0	0	0	0.6	1.6	-0.3	9.1
2005	12	28	0	0	0	0.8	-0.5	-1.4	8.8
2005	12	29	0	0	0	2.2	0.1	-2.6	8.7
2005	12	30	0	0	0	0.5	-0.7	-4.6	8.7
2005	12	31	0	0	0	0.8	0.1	-1.9	8.9
2006	1	1	0	0	0	2.8	0.9	-3.9	10.6
2006	1	2	0	0	0	2.8	0.3	-1.8	13.6
2006	1	3	0	0	0	-0.4	0.7	-2.5	14.7
2006	1	4	0	0	0	0.4	-0.6	-3	11.8
2006	1	5	0	0	0	-0.9	-2.9	-4.5	19.1
2006	1	6	0	0	0	-1.7	-0.5	-0.6	15.6
2006	1	7	0	0	0	-0.3	1.1	0.2	20.3
2006	1	8	0	0	0	1.4	1.3	-1.5	8.2
2006	1	9	0	0	0	-0.4	-0.1	-3.7	8.4
2006	1	10	0	0	0	4.4	1.8	-1.7	13.2
2006	1	11	0	0	0	5.7	3.7	-0.8	17.4
2006	1	12	0	0	0	2.1	1.6	-3.1	18.8
2006	1	13	0	0	0	1.9	0.7	-2.7	14.3
2006	1	14	0	0	0	2.9	1.4	0.1	10.9
2006	1	15	0	0	0	2.7	1.9	-2.6	19.2
2006	1	16	0	0	0	-1.5	-2.7	-6.4	19.3
2006	1	17	0	0	0	0.4	-0.7	-3.6	15.7
2006	1	18	0	0	0	1.9	-0.3	-5.1	15.7
2006	1	19	0	0	0	-0.2	-2.2	-5.8	14.6
2006	1	20	0	0	0	0.8	-0.9	-5.9	18.7
2006	1	21	0	0	0	-1.2	-2.2	-4.7	17
2006	1	22	0	0	0	-0.6	-1.2	-6.3	16.6
2006	1	23	0	0	0	2	1.9	-3.7	15.9
2006	1	24	0	0	0	0.7	3.4	-1.8	18.9
2006	1	25	0	0	0	-1.8	-1.9	-2.1	21.2
2006	1	26	0	0	0	-1.6	-0.7	-2.8	19.9
2006	1	27	0	0	0	-0.7	0.1	-3.9	20.2
2006	1	28	0	0	0	0.2	-0.2	-5.3	18
2006	1	29	0	0	0	0.3	-0.3	-4.9	15.7
2006	1	30	0	0	0	3.6	2.8	-2.7	18.6
2006	1	31	0	0	0	2.1	2.1	-3.3	22.2
2006	2	1	0	0	0	2.3	2.3	-3.6	20.1
2006	2	2	0	0	0	2.1	1.6	-2.6	19.3
2006	2	3	0	0	0	2.2	1	-5.5	16.7
2006	2	4	0	0	0	2.5	0.5	-2	16.6
2006	2	5	0	0	0	1.2	2.1	-3	16.3
2006	2	6	0	0	0	-0.6	0.6	-4.8	14.6
2006	2	7	0	0	0	-2.9	-3.1	-5.1	16.7
2006	2	8	0	0	0	-1.3	-2.5	-2.8	19
2006	2	9	0	0	0	1.8	-1.8	-7.7	18.3
2006	2	10	0	0	0	-2.2	-3.4	-13	18.1
2006	2	11	0	0	0	-5.6	-6.4	-14.2	18.2
2006	2	12	0	0	0	-4.4	-5.6	-9.3	18.3
2006	2	13	0	0	0	-2.8	-5.1	-6.1	19.3
2006	2	14	0	0	0	-2.3	-5.1	-8.8	18.6
2006	2	15	0	0	0	-6	-8.5	-15.1	18.7
2006	2	16	0	0	0	-7.8	-9.4	-13.6	20.9
2006	2	17	0	0	0	-17.1	-19.4	-21.2	25.3
2006	2	18	0	0	0	-16.5	-18.2	-26.1	21.7
2006	2	19	0	0	0	-13.3	-14.2	-19	19
2006	2	20	0	0	0	-6.9	-9.8	-8.8	19.4
2006	2	21	0	0	0	1.9	-5.3	-8.1	18
2006	2	22	0	0	0	0.1	0	-5.4	18.9
2006	2	23	0	0	0	2.7	0.9	-6.1	20.4
2006	2	24	0	0	0	0.4	-2.8	-10.1	21.9
2006	2	25	0	0	0	-5.4	-9.7	-17.7	20.6
2006	2	26	0	0	0	-0.5	-2.8	-5.3	18.9
2006	2	27	0	0	0	2.6	0.4	-0.9	15.7
2006	2	28	0	0	0	8.3	4.1	-0.7	15.1
2006	3	1	0	0	0	4.3	3.4	-2.6	19.3
2006	3	2	0	0	0	2.2	1.5	-5.7	18.3
2006	3	3	0	0	0	4	1.5	-9.1	17.5
2006	3	4	0	0	0	1.2	0.6	-9	21.2
2006	3	5	0	0	0	-2.8	0.9	-3.1	18.2
2006	3	6	0	0	0	0.3	2.6	-1.2	19.6
2006	3	7	0	0	0	1.9	2.8	-1.4	20.7
2006	3	8	0	0	0	1	1.9	-3.5	19.8
2006	3	9	0	0	0	0.6	0.3	-5.8	19.2
2006	3	10	0	0	0	-2.8	-3.3	-11.4	18.1
2006	3	11	0	0	0	-0.9	-2.1	-12.8	18.1
2006	3	12	0	0	0	-1.9	-3.8	-12.4	18.7
2006	3	13	0	0	0	-1.6	-4.4	-8.6	19.2
2006	3	14	0	0	0	-0.6	-2.4	-5	17.1
2006	3	15	0	0	0	0.6	0.1	-5.3	16.2
2006	3	16	0	0	0	1.2	1.1	-3.9	20.2
2006	3	17	0	0	0	5.1	3.1	-2.4	18.4
2006	3	18	0	0	0	3.4	1.8	-2.9	18
2006	3	19	0	0	0	2.8	2.8	-5.8	18.2
2006	3	20	0	0	0	1.2	0.7	-6.5	19.3
2006	3	21	0	0	0	3.9	3	-4.8	19.1
2006	3	22	0	0	0	4.3	3.3	-4.8	18.9
2006	3	23	0	0	0	4.6	4.8	-2	19
2006	3	24	0	0	0	7.1	4.5	-0.1	18
2006	3	25	0	0	0	6.6	3.8	0.9	19.6
2006	3	26	0	0	0	5.3	3.8	-1.3	19.9
2006	3	27	0	0	0	1.7	2.2	-2.4	20
2006	3	28	0	0	0	4.1	2.4	-3.8	20.7
2006	3	29	0	0	0	7.1	5.2	0.7	20.1
2006	3	30	0	0	0	4.2	5.1	-1.1	20.3
2006	3	31	0	0	0	5.4	3.6	-1.8	21.4
2006	4	1	0	0	0	6.2	5.9	0.4	21.8
2006	4	2	0	0	0	4.2	3.9	-0.8	21
2006	4	3	0	0	0	6.3	2.9	-3.5	19.1
2006	4	4	0	0	0	9.2	5.9	0.6	19.4
2006	4	5	0	0	0	8.3	7	2	19.8
2006	4	6	0	0	0	6.7	7.2	2.1	21.5
2006	4	7	0	0	0	5.8	5.9	2.6	21.6
2006	4	8	0	0	0	6.9	6.9	3.4	23.7
2006	4	9	0	0	0	8.1	7	1.3	23.2
2006	4	10	0	0	0	7	4.4	1.1	24
2006	4	11	0	0	0	5.6	4.9	-0.2	25.2
2006	4	12	0	0	0	8.8	5.7	-0.2	23.2
2006	4	13	0	0	0	8.8	8.2	0.6	23.1
2006	4	14	0	0	0	9.7	9.8	2.1	22.1
2006	4	15	0	0	0	8.5	7.4	0.8	21.7
2006	4	16	0	0	0	3.8	4	-1.4	21.7
2006	4	17	0	0	0	3.9	4.3	-2	23.3
2006	4	18	0	0	0	2.1	3.2	-1.8	22.9
2006	4	19	0	0	0	3.4	3.9	-0.1	19.5
2006	4	20	0	0	0	7.7	6.5	2.5	20.5
2006	4	21	0	0	0	11.6	10.3	4.8	21.2
2006	4	22	0	0	0	11.6	10.6	3.7	21.2
2006	4	23	0	0	0	8.2	6.2	0.2	22.4
2006	4	24	0	0	0	6.1	5.8	0.5	22.6
2006	4	25	0	0	0	8.4	6.9	1.8	22.3
2006	4	26	0	0	0	9.3	9.9	4	20.7
2006	4	27	0	0	0	13.7	13.3	4.3	21.8
2006	4	28	0	0	0	11.2	10.1	6.2	23.4
2006	4	29	0	0	0	13.9	12.3	9.4	23.2
2006	4	30	0	0	0	12.3	10.8	5.8	23.4
2006	5	1	0	0	0	7	5.8	2.3	21.4
2006	5	2	0	0	0	7.4	5.2	0.2	19.7
2006	5	3	0	0	0	6.2	7.6	0.2	20.9
2006	5	4	0	0	0	7.7	6.4	0.1	20.8
2006	5	5	0	0	0	9.2	8.3	2.5	20.2
2006	5	6	0	0	0	12.3	11.9	6.2	20.7
2006	5	7	0	0	0	11.1	11.3	1	20.4
2006	5	8	0	0	0	9	8.4	0.2	20.2
2006	5	9	0	0	0	5.9	3.4	-2.2	22.8
2006	5	10	0	0	0	4.9	2.5	-1.7	22
2006	5	11	0	0	0	12.1	10	-1.6	21.5
2006	5	12	0	0	0	12.6	11.2	4	21.6
2006	5	13	0	0	0	10.2	7.7	2.3	22.1
2006	5	14	0	0	0	14.8	12.1	7.3	21.1
2006	5	15	0	0	0	17.9	16.9	11.4	21
2006	5	16	0	0	0	20.9	20	14.5	18.3
2006	5	17	0	0	0	21.1	19.1	17	17
2006	5	18	0	0	0	20.3	19.6	17.4	18.3
2006	5	19	0	0	0	21.6	18	16	17.9
2006	5	20	0	0	0	17.1	14.2	12.8	17.8
2006	5	21	0	0	0	15.8	15.3	11.2	18.1
2006	5	22	0	0	0	17.9	17.1	11.9	16.1
2006	5	23	0	0	0	16.6	16.7	10.2	16.1
2006	5	24	0	0	0	14.6	13.6	9	15.4
2006	5	25	0	0	0	15.9	14.8	7.7	14
2006	5	26	0	0	0	12.2	11.8	5	15.4
2006	5	27	0	0	0	8.8	8.1	2.9	17.8
2006	5	28	0	0	0	7.1	8.3	4.2	18.9
2006	5	29	0	0	0	9.8	9.4	5.4	18.2
2006	5	30	0	0	0	10	12.1	6.7	17.5
2006	5	31	0	0	0	13.3	12.3	7.8	15.8
2006	6	1	0	0	0	17.2	16.4	11.3	18.2
2006	6	2	0	0	0	20.1	19.1	14	17.5
2006	6	3	0	0	0	17.4	16.6	11.9	18.1
2006	6	4	0	0	0	14.7	13.1	7.8	18.7
2006	6	5	0	0	0	14.4	14.2	8.1	18.2
2006	6	6	0	0	0	17.3	14.7	9.6	19.1
2006	6	7	0	0	0	19.8	19.3	12.8	16.8
2006	6	8	0	0	0	19.2	17.1	12.4	13.7
2006	6	9	0	0	0	15.8	16.1	11.4	14.9
2006	6	10	0	0	0	14.6	13.4	8.4	14.8
2006	6	11	0	0	0	15.1	13.3	8.3	13.6
2006	6	12	0	0	0	17.2	17.6	9.2	13.1
2006	6	13	0	0	0	21.4	20.3	12	14.6
2006	6	14	0	0	0	17.2	16.1	12.2	14.4
2006	6	15	0	0	0	13.3	12	8.1	14.9
2006	6	16	0	0	0	14.4	12.9	8.4	15
2006	6	17	0	0	0	15.3	13.4	7.6	15.2
2006	6	18	0	0	0	13.8	12.9	9.1	15.6
2006	6	19	0	0	0	16	13.3	9.4	16.4
2006	6	20	0	0	0	15.5	12.1	6.7	16.3
2006	6	21	0	0	0	14.6	12.3	8.9	15.2
2006	6	22	0	0	0	15.9	14.6	10	11.1
2006	6	23	0	0	0	17.3	15.8	10.5	13.2
2006	6	24	0	0	0	19.7	17.2	13.3	12.9
2006	6	25	0	0	0	21.2	19.4	15.2	14.6
2006	6	26	0	0	0	24.7	21.4	18.2	13.3
2006	6	27	0	0	0	25.7	22.1	18.5	12.4
2006	6	28	0	0	0	24	22.2	18.6	12.5
2006	6	29	0	0	0	22.9	19.1	16.7	11.4
2006	6	30	0	0	0	20.1	18.3	15.9	11.6
2006	7	1	0	0	0	21.4	18.9	16.2	12.3
2006	7	2	0	0	0	22.7	18.5	16.1	11.9
2006	7	3	0	0	0	22.9	21.8	18.2	12.6
2006	7	4	0	0	0	22.6	22.7	17.8	11.3
2006	7	5	0	0	0	25.1	23.1	17.6	8.9
2006	7	6	0	0	0	19.6	19.6	17	9.8
2006	7	7	0	0	0	17.8	18.3	13.4	9.2
2006	7	8	0	0	0	19.3	18	14	9.5
2006	7	9	0	0	0	21.8	20.1	16.6	11.9
2006	7	10	0	0	0	22.7	19.8	14.4	10.5
2006	7	11	0	0	0	21.5	18.6	13.6	10.3
2006	7	12	0	0	0	22.9	20.1	14	17.5
2006	7	13	0	0	0	20.8	19.1	11.4	16.3
2006	7	14	0	0	0	21.4	17.9	13.4	16.8
2006	7	15	0	0	0	24.3	20.3	15	13.8
2006	7	16	0	0	0	23.2	19.3	13.8	15.3
2006	7	17	0	0	0	23.9	19.9	14.7	16.3
2006	7	18	0	0	0	23.1	19.7	13.1	15.4
2006	7	19	0	0	0	20.4	18.6	13.6	11.1
2006	7	20	0	0	0	24.8	21.9	16.4	11.4
2006	7	21	0	0	0	25.4	21.9	18.2	11.4
2006	7	22	0	0	0	27.6	24.3	20.5	12.4
2006	7	23	0	0	0	28.8	25.8	21.3	15.3
2006	7	24	0	0	0	28.5	24.8	20.3	18.1
2006	7	25	0	0	0	27.4	25.2	19.9	18.7
2006	7	26	0	0	0	24.8	22.6	18.4	13.2
2006	7	27	0	0	0	24.8	22.6	18.8	7.7
2006	7	28	0	0	0	26.2	23.7	18.4	9.2
2006	7	29	0	0	0	25.5	21.3	15.7	8.3
2006	7	30	0	0	0	22.3	18.9	11.6	9.6
2006	7	31	0	0	0	16.2	14.2	9.1	8.3
2006	8	1	0	0	0	18.5	14.7	10.4	10.5
2006	8	2	0	0	0	19.1	15.4	11.4	10.8
2006	8	3	0	0	0	18.9	16.6	11.8	11.8
2006	8	4	0	0	0	20.4	17.6	13.1	12.3
2006	8	5	0	0	0	20.6	18.6	11.9	17.1
2006	8	6	0	0	0	20.9	17.2	13.1	11.6
2006	8	7	0	0	0	23.7	20	15.2	17.4
2006	8	8	0	0	0	25.1	21.9	17.1	13.4
2006	8	9	0	0	0	20.9	21.9	18	13.6
2006	8	10	0	0	0	20.5	0	14.1	6.3
2006	8	11	0	0	0	19.4	0	11.8	7
2006	8	12	0	0	0	16.3	0	8.1	5.2
2006	8	13	0	0	0	16.3	0	8.4	6.3
2006	8	14	0	0	0	18.5	0	10.9	12.8
2006	8	15	0	0	0	19.3	0	13	15.1
2006	8	16	0	0	0	19	16.8	12.8	14.5
2006	8	17	0	0	0	14.8	15.7	12.3	12.7
2006	8	18	0	0	0	15.9	15.4	12.7	11.5
2006	8	19	0	0	0	18.3	17.1	14	10.7
2006	8	20	0	0	0	19.9	19.4	14.5	8.1
2006	8	21	0	0	0	20.6	18.2	14.6	9.5
2006	8	22	0	0	0	24.4	19.9	16.3	10.4
2006	8	23	0	0	0	20.4	19.1	14.7	9.6
2006	8	24	0	0	0	24.7	17.3	11.5	9.1
2006	8	25	0	0	0	17.3	18	11.9	7.5
2006	8	26	0	0	0	15.1	14.4	11.2	7
2006	8	27	0	0	0	19.1	16.7	13.2	8.9
2006	8	28	0	0	0	20.7	18.3	14.3	6.7
2006	8	29	0	0	0	21.7	18.6	15.5	2.4
2006	8	30	0	0	0	17.9	17.8	9.3	3.5
2006	8	31	0	0	0	12.4	11.2	6.7	4.2
2006	9	1	0	0	0	10.6	8.8	5.7	6.2
2006	9	2	0	0	0	15.3	12.3	9.5	6.1
2006	9	3	0	0	0	18.2	14.6	13.1	6.7
2006	9	4	0	0	0	19.5	16.3	17.5	7.1
2006	9	5	0	0	0	19.8	16.7	17.8	7.7
2006	9	6	0	0	0	21.5	17.5	17.4	10.8
2006	9	7	0	0	0	19.4	18.9	15.1	8.6
2006	9	8	0	0	0	19.7	18.9	15.3	12.7
2006	9	9	0	0	0	20.1	16.4	13.4	16.9
2006	9	10	0	0	0	18.7	16.3	11.4	15.8
2006	9	11	0	0	0	15.9	13.6	10.7	15.3
2006	9	12	0	0	0	17.8	14.4	12.2	12
2006	9	13	0	0	0	18.2	13.7	10.8	11.6
2006	9	14	0	0	0	13.8	11.2	5.8	14.7
2006	9	15	0	0	0	9.3	5.3	2.3	16.3
2006	9	16	0	0	0	6.1	7.4	2.2	12.1
2006	9	17	0	0	0	9.2	7.6	2.3	13.2
2006	9	18	0	0	0	8.7	7.2	3.7	9.3
2006	9	19	0	0	0	12.4	11	5.8	7
2006	9	20	0	0	0	10.9	11.7	4.5	8.1
2006	9	21	0	0	0	9	9.2	4.7	4.2
2006	9	22	0	0	0	8.6	7.4	4.8	4.5
2006	9	23	0	0	0	7.4	7.1	4.1	4.2
2006	9	24	0	0	0	9.5	8.2	6	3.8
2006	9	25	0	0	0	11.5	9.6	7.3	8.9
2006	9	26	0	0	0	12.4	12.3	9.3	9.6
2006	9	27	0	0	0	15.6	15.6	10.2	9.8
2006	9	28	0	0	0	13.9	11.6	10.5	1.6
2006	9	29	0	0	0	15.3	15.2	11.8	1.3
2006	9	30	0	0	0	13.7	12.3	10.9	8.3
2006	10	1	0	0	0	12.3	12.1	7.9	7.2
2006	10	2	0	0	0	10.7	9.3	4.3	5.2
2006	10	3	0	0	0	12.2	11.4	4.8	10.8
2006	10	4	0	0	0	12.9	13.6	6.1	12.9
2006	10	5	0	0	0	13.1	11.9	7.3	13.3
2006	10	6	0	0	0	15	10.3	6.2	9.9
2006	10	7	0	0	0	13.5	8.6	4.1	8.2
2006	10	8	0	0	0	5.9	6.3	1.3	8.1
2006	10	9	0	0	0	5.4	7.5	1.3	7.1
2006	10	10	0	0	0	1.9	2	1.9	7.6
2006	10	11	0	0	0	6.6	4.3	5.5	7.4
2006	10	12	0	0	0	6.9	4.2	4.8	5.9
2006	10	13	0	0	0	8.3	5.2	5	4.7
2006	10	14	0	0	0	8.9	5.7	4.6	2.7
2006	10	15	0	0	0	8.1	6.9	5.4	-1.8
2006	10	16	0	0	0	8.1	7.2	3.1	-0.4
2006	10	17	0	0	0	5.3	4.3	-0.8	1.7
2006	10	18	0	0	0	4.7	4.1	-1.2	5.8
2006	10	19	0	0	0	6.6	6.6	2.4	9.9
2006	10	20	0	0	0	7.6	6.7	2.2	8.7
2006	10	21	0	0	0	5.7	4.9	0.3	8
2006	10	22	0	0	0	3.3	2.3	-1.2	6
2006	10	23	0	0	0	2.3	1.2	1	8.1
2006	10	24	0	0	0	3.2	1.1	0	8.2
2006	10	25	0	0	0	7.1	5.2	0.4	5.8
2006	10	26	0	0	0	5.4	4.2	-1.4	3.1
2006	10	27	0	0	0	6.2	7.1	-0.5	5
2006	10	28	0	0	0	5.4	9.6	1.7	8.5
2006	10	29	0	0	0	5.9	2.1	-2.2	15.2
2006	10	30	0	0	0	-0.7	-5.7	-9.5	16.7
2006	10	31	0	0	0	-6.9	-6.2	-17.2	15.8
2006	11	1	0	0	0	-4.3	-7.4	-18.1	11.9
2006	11	2	0	0	0	-2.7	-5.6	-10.4	11.6
2006	11	3	0	0	0	2.1	-0.9	-2.8	14
2006	11	4	0	0	0	4.8	4.3	0.3	9.5
2006	11	5	0	0	0	8.1	8.7	3	8.4
2006	11	6	0	0	0	10.4	8.6	4.2	2.9
2006	11	7	0	0	0	14.4	13.2	8.6	-0.2
2006	11	8	0	0	0	8.8	8.7	1.6	-1.2
2006	11	9	0	0	0	0.7	0.1	-1.9	-0.4
2006	11	10	0	0	0	2.9	1.4	-2.5	3.6
2006	11	11	0	0	0	6.7	3.8	-1.6	10.2
2006	11	12	0	0	0	3.2	2.6	-3	8.6
2006	11	13	0	0	0	4.7	4.2	-2.3	5.8
2006	11	14	0	0	0	1.8	1.9	-4.5	6.1
2006	11	15	0	0	0	-0.4	1.2	-4.3	5.1
2006	11	16	0	0	0	6	5.9	-0.4	4.7
2006	11	17	0	0	0	-0.9	-2.4	-4.4	4.7
2006	11	18	0	0	0	0.9	-0.6	-4.9	4.9
2006	11	19	0	0	0	0.2	-1.6	-3.7	5.1
2006	11	20	0	0	0	4.9	4.5	0.7	4.9
2006	11	21	0	0	0	4.6	1.8	-0.6	4
2006	11	22	0	0	0	3.8	2.7	-2.3	4.1
2006	11	23	0	0	0	2.8	1.9	-2.5	4.1
2006	11	24	0	0	0	2.9	0.2	-5	3.6
2006	11	25	0	0	0	1.4	-3.8	-11.8	3.2
2006	11	26	0	0	0	-3.7	-7.9	-17	4.2
2006	11	27	0	0	0	-0.3	-12.2	-22.2	4.3
2006	11	28	0	0	0	-7.5	-13.6	-23.2	4.1
2006	11	29	0	0	0	-8.3	-13.3	-29.3	3.3
2006	11	30	0	0	0	-7.5	-8.4	-13.7	4
2006	12	1	0	0	0	-3.1	-7.9	-12.3	4.3
2006	12	2	0	0	0	-4.3	-11.5	-15.1	6.2
2006	12	3	0	0	0	-6.1	-6.6	-11	12.2
2006	12	4	0	0	0	-5.4	-5.4	-9.4	16.1
2006	12	5	0	0	0	-0.1	-3.9	-6.2	14.7
2006	12	6	0	0	0	-3.6	-5.3	-5.4	13.2
2006	12	7	0	0	0	-5.1	-2.6	-4.5	7.9
2006	12	8	0	0	0	-6.7	-1.7	-3.9	6.3
2006	12	9	0	0	0	-7.7	-3.1	-2.4	5.5
2006	12	10	0	0	0	-5.7	-3.5	-1.2	6.2
2006	12	11	0	0	0	-1.4	-2.2	-0.9	9.3
2006	12	12	0	0	0	2	1.6	-1	5.3
2006	12	13	0	0	0	2.8	2.1	-2.4	5.8
2006	12	14	0	0	0	4.2	1.6	-3.7	5.7
2006	12	15	0	0	0	3.9	2.1	-3.1	5.7
2006	12	16	0	0	0	-1.9	-2.4	-9.3	6.4
2006	12	17	0	0	0	-8.1	-10.1	-12.5	6.1
2006	12	18	0	0	0	-10.5	-12.4	-13	5.9
2006	12	19	0	0	0	-9.9	-10.3	-11.9	12.5
2006	12	20	0	0	0	-8.6	-11.7	-11.1	15.6
2006	12	21	0	0	0	-7.4	-8.7	-6.7	17.6
2006	12	22	0	0	0	-4.5	-6.2	-6.3	20.9
2006	12	23	0	0	0	-4.8	-6.6	-7.1	14.1
2006	12	24	0	0	0	-0.8	-4.8	-7	9
2006	12	25	0	0	0	0.9	-3.1	-4.4	10.7
2006	12	26	0	0	0	1.2	-0.4	-8.3	8.3
2006	12	27	0	0	0	1.3	0.8	-2.5	8.6
2006	12	28	0	0	0	0.7	-0.7	-7.7	19.3
2006	12	29	0	0	0	-2.7	-10.6	-19.6	17.9
2006	12	30	0	0	0	-5.4	-8.3	-15.5	11.2
2006	12	31	0	0	0	-6	-7	-13.8	9.8
2007	1	1	0	0	0	-6	-5.4	-11.2	9.7
2007	1	2	0	0	0	-0.2	-0.2	-3.5	9.8
2007	1	3	0	0	0	5.2	3.3	-0.6	11.9
2007	1	4	0	0	0	1.4	1.2	-3.8	12.9
2007	1	5	0	0	0	-1.8	-2.6	-8.7	16.8
2007	1	6	0	0	0	-0.9	-0.6	-6.9	21.5
2007	1	7	0	0	0	-1.4	-1.9	-9	15.9
2007	1	8	0	0	0	4	2.1	-7.1	13.2
2007	1	9	0	0	0	1.9	-1.1	-6.9	13.7
2007	1	10	0	0	0	1.9	1.3	-6.5	13.1
2007	1	11	0	0	0	-9.7	-11.2	-20.6	13.9
2007	1	12	0	0	0	-16.3	-17.3	-32.8	11.8
2007	1	13	0	0	0	-16.1	-17.5	-26.3	10.6
2007	1	14	0	0	0	-12.7	-14.8	-20.2	9.7
2007	1	15	0	0	0	-13.9	-12.7	-16.7	10.2
2007	1	16	0	0	0	-11.9	-14	-16.1	9.2
2007	1	17	0	0	0	-9.1	-8.2	-11.2	10.2
2007	1	18	0	0	0	-6.3	-9.1	-13.6	9.9
2007	1	19	0	0	0	-2.8	-3.9	-7.8	10
2007	1	20	0	0	0	-0.3	-0.8	-4.2	10.3
2007	1	21	0	0	0	-1.7	-5.9	-12.3	10.1
2007	1	22	0	0	0	-0.3	-2.9	-7.8	12
2007	1	23	0	0	0	2.1	0.1	-2.3	12.5
2007	1	24	0	0	0	1.4	-0.3	-0.3	13.2
2007	1	25	0	0	0	-2	-1.9	-3.9	13.2
2007	1	26	0	0	0	-1.9	-3	-4.8	13.8
2007	1	27	0	0	0	-2.3	-6.7	-11.4	13.2
2007	1	28	0	0	0	-5.1	-9.3	-10.1	13.8
2007	1	29	0	0	0	-6.7	-8.4	-9.8	14
2007	1	30	0	0	0	-4.9	-12.3	-13.1	15.6
2007	1	31	0	0	0	-5.7	-9.4	-10	16.1
2007	2	1	0	0	0	-5.9	-8.8	-10.6	15.4
2007	2	2	0	0	0	-8.3	-9.5	-13.4	15.1
2007	2	3	0	0	0	-9.4	-9.8	-12.3	17.2
2007	2	4	0	0	0	-1.7	-5.7	-8.3	16.6
2007	2	5	0	0	0	2.1	-0.2	-2.7	16.4
2007	2	6	0	0	0	2.1	-0.9	-1.1	16.4
2007	2	7	0	0	0	0.4	0.9	-6.3	17.3
2007	2	8	0	0	0	2.1	0.4	-9.7	18.8
2007	2	9	0	0	0	1.9	-0.7	-11.1	21.7
2007	2	10	0	0	0	1.7	0.2	-6.3	23.4
2007	2	11	0	0	0	1.4	-0.4	-4.6	22.3
2007	2	12	0	0	0	0.4	-5.9	-14.2	19.9
2007	2	13	0	0	0	-1.9	-6.4	-14	20.1
2007	2	14	0	0	0	0.4	-4.1	-8.9	24.2
2007	2	15	0	0	0	1.7	-0.8	-3.7	25.9
2007	2	16	0	0	0	5.8	4.4	-2.3	23.7
2007	2	17	0	0	0	4.6	1.7	-2.5	21.8
2007	2	18	0	0	0	3.2	3	-0.7	20.2
2007	2	19	0	0	0	0.7	0.2	-5.4	20.2
2007	2	20	0	0	0	4.9	2.1	-2.6	20
2007	2	21	0	0	0	0.3	-1.3	-6.7	20
2007	2	22	0	0	0	0.7	-2.8	-9.3	20.6
2007	2	23	0	0	0	1.6	-1.2	-6.4	21.1
2007	2	24	0	0	0	-2.1	-3.4	-7.3	21.7
2007	2	25	0	0	0	2.5	-0.6	-5.6	22.3
2007	2	26	0	0	0	0.7	0.3	-6.4	21.5
2007	2	27	0	0	0	-2.3	-4.6	-9.8	22.1
2007	2	28	0	0	0	-1.3	-2.6	-14.7	20.2
2007	3	1	0	0	0	-2.6	-4.4	-7.7	18.8
2007	3	2	0	0	0	-3.9	-6.2	-11.1	20.1
2007	3	3	0	0	0	-1.4	-5.4	-7.2	21.2
2007	3	4	0	0	0	3.7	0.3	-2.3	19.7
2007	3	5	0	0	0	4.6	1.4	-0.1	19.1
2007	3	6	0	0	0	7.2	3	-0.1	16.9
2007	3	7	0	0	0	4.7	1.6	0	17.8
2007	3	8	0	0	0	6.5	4.3	-0.6	15.6
2007	3	9	0	0	0	4.2	3.3	-2	16.7
2007	3	10	0	0	0	4.9	2.3	-0.8	20.1
2007	3	11	0	0	0	9.1	5.3	1.3	22.3
2007	3	12	0	0	0	12	11.7	6	22.4
2007	3	13	0	0	0	9.5	8.1	-0.5	22.1
2007	3	14	0	0	0	6.2	2.1	-5.7	21.4
2007	3	15	0	0	0	3.4	-0.1	-11.1	21.9
2007	3	16	0	0	0	7.2	2.5	-2.5	22.3
2007	3	17	0	0	0	7.5	1.6	0	22.8
2007	3	18	0	0	0	11.2	9.5	2.7	22.9
2007	3	19	0	0	0	7.2	5.8	1.8	21.4
2007	3	20	0	0	0	7.6	6.8	1.9	20.7
2007	3	21	0	0	0	3.6	2.2	-3.7	21.1
2007	3	22	0	0	0	3.7	3.8	-2	21.3
2007	3	23	0	0	0	8.4	6.7	0.5	21.6
2007	3	24	0	0	0	9.2	8.7	2.8	20.2
2007	3	25	0	0	0	10.1	9.7	3.6	20.3
2007	3	26	0	0	0	4.4	3.9	-0.7	20.9
2007	3	27	0	0	0	6.8	5.4	-0.4	20.6
2007	3	28	0	0	0	5	5.1	-0.8	19.6
2007	3	29	0	0	0	4.4	2.6	-2.8	21
2007	3	30	0	0	0	3.6	3.1	-2.8	20.4
2007	3	31	0	0	0	6.7	4.2	1.4	21.4
2007	4	1	0	0	0	7.6	5.8	-0.2	21.8
2007	4	2	0	0	0	4	0.4	-5.7	22.1
2007	4	3	0	0	0	0.9	0.7	-7.8	22.2
2007	4	4	0	0	0	2.8	1.7	-6.2	22.3
2007	4	5	0	0	0	6.3	4.3	-5.2	20.5
2007	4	6	0	0	0	7.9	5.6	-4.3	19.8
2007	4	7	0	0	0	8.2	6.6	-1.5	21.5
2007	4	8	0	0	0	9.1	7	1.3	19.1
2007	4	9	0	0	0	9.4	7.4	3.1	18.8
2007	4	10	0	0	0	4.9	4.7	-0.4	20.7
2007	4	11	0	0	0	4.3	3.2	-0.7	20.2
2007	4	12	0	0	0	3.2	4.5	-0.7	20.9
2007	4	13	0	0	0	5.6	4.1	-1.1	21.9
2007	4	14	0	0	0	9.4	9.2	1.8	22.3
2007	4	15	0	0	0	9.8	8.2	1.8	21.7
2007	4	16	0	0	0	5.4	3.9	0.9	23.1
2007	4	17	0	0	0	10.2	8.8	1.3	22.8
2007	4	18	0	0	0	4.6	5.3	0.6	22.6
2007	4	19	0	0	0	4.3	2.9	0.1	22.7
2007	4	20	0	0	0	2.6	4.7	0.4	23.2
2007	4	21	0	0	0	4.7	3.9	-1	22.9
2007	4	22	0	0	0	10.4	7.9	1.9	23.9
2007	4	23	0	0	0	12.6	10.5	3.5	23.3
2007	4	24	0	0	0	11.3	9.6	5.2	23.1
2007	4	25	0	0	0	9.3	8.6	4.7	23
2007	4	26	0	0	0	10.3	9.3	3.3	22.8
2007	4	27	0	0	0	11	11.3	3.9	22.6
2007	4	28	0	0	0	13.9	11.5	6.5	21.2
2007	4	29	0	0	0	13.9	10.8	4.8	20.3
2007	4	30	0	0	0	13.9	10.7	2.9	23.8
2007	5	1	0	0	0	14.2	12.9	4.8	23.6
2007	5	2	0	0	0	16.5	13.9	4.7	22.6
2007	5	3	0	0	0	6.1	3.3	4	22.2
2007	5	4	0	0	0	3.1	4.3	0.6	23.1
2007	5	5	0	0	0	5.6	6.4	1.6	25.2
2007	5	6	0	0	0	9.3	7.2	3.3	22.3
2007	5	7	0	0	0	13.2	11.7	7.3	20.9
2007	5	8	0	0	0	15.6	13.1	9.9	21.8
2007	5	9	0	0	0	18.5	17.9	9.8	22.7
2007	5	10	0	0	0	16.2	13.6	7.4	22.3
2007	5	11	0	0	0	15.1	13.9	8.5	21.8
2007	5	12	0	0	0	16.7	14.7	10	21.1
2007	5	13	0	0	0	15.3	13.4	8	20.4
2007	5	14	0	0	0	11.4	9.1	5.1	20.2
2007	5	15	0	0	0	12.1	11.2	7.6	19.9
2007	5	16	0	0	0	15.9	13.6	5.5	20.5
2007	5	17	0	0	0	19.1	16.7	12	18.8
2007	5	18	0	0	0	20.1	16.7	11.6	17.7
2007	5	19	0	0	0	16.8	13.9	9.2	18.4
2007	5	20	0	0	0	12.7	10.9	4.6	18.7
2007	5	21	0	0	0	7.8	8.7	3.6	20
2007	5	22	0	0	0	6.4	10.4	3.5	19.7
2007	5	23	0	0	0	9.9	9	3.7	20
2007	5	24	0	0	0	8.7	8.8	2.8	20.9
2007	5	25	0	0	0	9.5	5.2	1.1	21.1
2007	5	26	0	0	0	13	9.7	2.9	20.1
2007	5	27	0	0	0	13.6	11.5	7.4	20.4
2007	5	28	0	0	0	10	8.8	6.6	21.3
2007	5	29	0	0	0	9.7	10.3	6.9	20.8
2007	5	30	0	0	0	13.2	11.8	9	21.3
2007	5	31	0	0	0	15.6	15	11.5	15.1
2007	6	1	0	0	0	18.4	16.4	14.3	14.3
2007	6	2	0	0	0	20.5	18.3	15.5	14.9
2007	6	3	0	0	0	22.8	20.9	16.7	16
2007	6	4	0	0	0	22.6	21.9	17	16.2
2007	6	5	0	0	0	16.5	20.3	14.4	17.7
2007	6	6	0	0	0	10.6	11.2	8.4	17.7
2007	6	7	0	0	0	8.8	9.2	6	17.9
2007	6	8	0	0	0	12.1	12.4	6.9	18.3
2007	6	9	0	0	0	15.7	12.6	9.5	13.4
2007	6	10	0	0	0	15.8	14.3	9.4	11.9
2007	6	11	0	0	0	13.4	13.3	8.8	12.6
2007	6	12	0	0	0	15.5	11.3	5.7	12.7
2007	6	13	0	0	0	14.8	12.3	7.6	12.6
2007	6	14	0	0	0	15.2	12.8	6.6	14.7
2007	6	15	0	0	0	15	11.7	6.5	15.3
2007	6	16	0	0	0	17.4	13.7	9.9	12.3
2007	6	17	0	0	0	14.2	11.3	5.9	11.4
2007	6	18	0	0	0	12.4	10.6	5.7	12.4
2007	6	19	0	0	0	15.2	13.4	8.7	14.4
2007	6	20	0	0	0	19.7	16.4	12.4	14.3
2007	6	21	0	0	0	21.1	20.9	14.5	14.9
2007	6	22	0	0	0	22	18.1	13.7	14.3
2007	6	23	0	0	0	22.1	17.9	12	12.4
2007	6	24	0	0	0	19	16	9.1	11.5
2007	6	25	0	0	0	15.2	12.7	5.8	12.9
2007	6	26	0	0	0	12.6	9.9	7.3	15
2007	6	27	0	0	0	19.3	16.6	13.1	15
2007	6	28	0	0	0	23.9	21.5	17.1	13.3
2007	6	29	0	0	0	23.7	22.4	15.5	12.7
2007	6	30	0	0	0	20.4	18	11.3	16.4
2007	7	1	0	0	0	19.9	16.6	9.9	17.7
2007	7	2	0	0	0	23	20.6	13.4	12.4
2007	7	3	0	0	0	23	19.8	14.8	14.9
2007	7	4	0	0	0	23.5	20.8	16.9	18.4
2007	7	5	0	0	0	25.8	22.7	17.9	16.8
2007	7	6	0	0	0	27.9	24.6	20.2	13
2007	7	7	0	0	0	29.7	25.9	18.2	14.1
2007	7	8	0	0	0	24.2	20.8	16.1	14.7
2007	7	9	0	0	0	23.2	20.3	15.6	13.9
2007	7	10	0	0	0	24.3	20.9	15.1	13.8
2007	7	11	0	0	0	25	21.9	17.7	14.9
2007	7	12	0	0	0	26.4	24.8	20.2	13.6
2007	7	13	0	0	0	28.4	24.6	21.3	12.3
2007	7	14	0	0	0	29.2	26.9	21.8	12.8
2007	7	15	0	0	0	28.2	24.8	22	12.2
2007	7	16	0	0	0	27	24.4	20	12.2
2007	7	17	0	0	0	27.4	26.1	20.1	8.3
2007	7	18	0	0	0	23.4	23.3	21.8	7.5
2007	7	19	0	0	0	26.6	24.1	17.7	6.4
2007	7	20	0	0	0	25.1	20.8	14.3	5.4
2007	7	21	0	0	0	25.3	22.1	15.5	5.9
2007	7	22	0	0	0	26.4	23.4	16.3	7.8
2007	7	23	0	0	0	27.8	25.1	19.7	7.5
2007	7	24	0	0	0	27.6	24.6	19.5	8.5
2007	7	25	0	0	0	25.2	21.6	16.1	9.6
2007	7	26	0	0	0	24.5	23.3	17	9.3
2007	7	27	0	0	0	25.8	26.1	18.8	9.1
2007	7	28	0	0	0	26.5	23.9	19.1	9.4
2007	7	29	0	0	0	26.6	22.9	17.5	7.9
2007	7	30	0	0	0	27.8	23.8	16.8	7.3
2007	7	31	0	0	0	26.1	21.8	13.9	7.6
2007	8	1	0	0	0	23.6	20.7	15.2	8.2
2007	8	2	0	0	0	24	21.1	17.5	8.6
2007	8	3	0	0	0	25.5	21.9	17.1	8.4
2007	8	4	0	0	0	22.3	18.9	13.2	9.8
2007	8	5	0	0	0	21.6	20.5	14.8	9.9
2007	8	6	0	0	0	21	20.4	14.4	8.8
2007	8	7	0	0	0	21.1	18.9	14.8	6.6
2007	8	8	0	0	0	20.3	16.5	10.9	6.6
2007	8	9	0	0	0	20.7	16.1	13.2	5.8
2007	8	10	0	0	0	22.1	19.5	11.9	6.7
2007	8	11	0	0	0	17	14.6	8.6	6.7
2007	8	12	0	0	0	20.7	16.8	13.1	6.3
2007	8	13	0	0	0	20.8	19.1	12.4	7
2007	8	14	0	0	0	21.2	21.3	13.9	7.4
2007	8	15	0	0	0	22.3	20.3	16.1	10.6
2007	8	16	0	0	0	22.8	22.6	16.9	10.1
2007	8	17	0	0	0	24.1	20.3	18.1	9.7
2007	8	18	0	0	0	22.8	19.3	13.8	7.4
2007	8	19	0	0	0	19.9	18.8	11.8	5.1
2007	8	20	0	0	0	15.8	16.4	8.9	5.2
2007	8	21	0	0	0	14.7	15.8	9.6	5.4
2007	8	22	0	0	0	14.5	14.7	9.5	6.6
2007	8	23	0	0	0	16.7	16.2	12.1	6.4
2007	8	24	0	0	0	16.7	17.1	11	8.1
2007	8	25	0	0	0	20.3	17.3	14.1	7.6
2007	8	26	0	0	0	19.6	21.5	10.9	13.9
2007	8	27	0	0	0	17.7	16.6	7.7	14.6
2007	8	28	0	0	0	0	0	7.1	8.9
2007	8	29	0	0	0	17.4	14.4	10.4	5.3
2007	8	30	0	0	0	20.1	18.8	11.3	7.7
2007	8	31	0	0	0	21.3	18.8	15	6.1
2007	9	1	0	0	0	19	18.3	13	6.2
2007	9	2	0	0	0	21.2	19.9	10.5	7.1
2007	9	3	0	0	0	21.4	19.1	12.9	5.1
2007	9	4	0	0	0	20.9	16.8	14.4	6.9
2007	9	5	0	0	0	21.3	18.1	13.9	4.9
2007	9	6	0	0	0	19.7	19.7	11.8	0.7
2007	9	7	0	0	0	17.4	14.8	6.9	1.6
2007	9	8	0	0	0	15.6	12.5	5.9	2.3
2007	9	9	0	0	0	13.6	14.9	5.8	8.4
2007	9	10	0	0	0	13	12.1	8.1	11.8
2007	9	11	0	0	0	16.2	14.1	11.4	10.2
2007	9	12	0	0	0	17.4	15.3	9.7	11.6
2007	9	13	0	0	0	16.1	13.4	6.7	12.8
2007	9	14	0	0	0	15.1	12.7	8	1.7
2007	9	15	0	0	0	16.4	13.1	11.1	0.5
2007	9	16	0	0	0	16.5	13.2	11	0.4
2007	9	17	0	0	0	14.7	16	8.4	5.2
2007	9	18	0	0	0	11.1	10.7	3.3	4.1
2007	9	19	0	0	0	9.7	10.8	4.7	2.7
2007	9	20	0	0	0	8.4	6.2	1.4	1.9
2007	9	21	0	0	0	8.9	8.3	2.7	7.1
2007	9	22	0	0	0	10.9	12.9	4.2	13.5
2007	9	23	0	0	0	11.2	11.8	3.4	11.6
2007	9	24	0	0	0	8.8	6.2	0.8	14.6
2007	9	25	0	0	0	8	6.9	2.8	13.9
2007	9	26	0	0	0	10.9	9.7	4	13.6
2007	9	27	0	0	0	11.3	10	5.2	7.5
2007	9	28	0	0	0	12.3	12.2	7	6.7
2007	9	29	0	0	0	9.1	9.1	3.8	6.6
2007	9	30	0	0	0	4.9	5.2	1.3	6.2
2007	10	1	0	0	0	10.9	9.7	3.4	5.4
2007	10	2	0	0	0	9.3	9.6	2.8	1.4
2007	10	3	0	0	0	9.9	9.2	2.7	0.7
2007	10	4	0	0	0	6.3	5.7	1	0.9
2007	10	5	0	0	0	7.1	8.2	0.3	-1.9
2007	10	6	0	0	0	6.1	7.1	-1	0.4
2007	10	7	0	0	0	7.1	7.9	1.2	6.1
2007	10	8	0	0	0	8.8	9.4	5.1	8.3
2007	10	9	0	0	0	9.6	9.3	5.7	12.9
2007	10	10	0	0	0	10.9	11.1	8.1	4.7
2007	10	11	0	0	0	11.8	12.5	5.2	2.8
2007	10	12	0	0	0	7.2	7.4	3.3	4.7
2007	10	13	0	0	0	10.9	8.9	2.9	5.6
2007	10	14	0	0	0	8.1	6.5	2.9	3.7
2007	10	15	0	0	0	8.7	6.6	3.4	2.5
2007	10	16	0	0	0	9.1	6.7	2.8	2.9
2007	10	17	0	0	0	8.1	6.5	1.5	3.4
2007	10	18	0	0	0	6.4	3.8	0.7	4.4
2007	10	19	0	0	0	7.9	6.9	1.9	5.3
2007	10	20	0	0	0	6.1	7.1	0.3	3.7
2007	10	21	0	0	0	4.5	4.2	-0.3	8
2007	10	22	0	0	0	6.4	6.7	0.3	11.8
2007	10	23	0	0	0	9.1	10.7	3.9	12.7
2007	10	24	0	0	0	8.6	9.2	8.1	13.3
2007	10	25	0	0	0	10.6	12.4	3.2	16.5
2007	10	26	0	0	0	3.3	0.9	-1.7	11.9
2007	10	27	0	0	0	0.4	-0.9	-2.7	10.9
2007	10	28	0	0	0	2.3	1.1	-1	11.9
2007	10	29	0	0	0	3.2	3.8	0.8	9.8
2007	10	30	0	0	0	7.8	8.6	0.5	5.6
2007	10	31	0	0	0	1.8	0.2	-2.1	7.6
2007	11	1	0	0	0	4.2	7.2	-1.9	14.3
2007	11	2	0	0	0	1.8	-0.1	-5	14.6
2007	11	3	0	0	0	2.9	4.4	-3.4	12.5
2007	11	4	0	0	0	7.7	11.8	2.5	9.1
2007	11	5	0	0	0	5.7	6.6	-2.1	-0.9
2007	11	6	0	0	0	2	0.4	-1.6	-0.4
2007	11	7	0	0	0	4.4	5.6	0.6	0
2007	11	8	0	0	0	9	8.7	1.6	-0.5
2007	11	9	0	0	0	4.7	8.1	2.5	2.9
2007	11	10	0	0	0	4.2	5.7	2.2	5
2007	11	11	0	0	0	1.6	1.2	-2.3	11.4
2007	11	12	0	0	0	1.1	2.1	-1.5	1.6
2007	11	13	0	0	0	5.4	6.6	-2.5	-2.1
2007	11	14	0	0	0	-1.2	-0.7	-5	-3.3
2007	11	15	0	0	0	1.4	1.3	-3	-2
2007	11	16	0	0	0	5.6	7.4	0.2	-0.3
2007	11	17	0	0	0	7.3	5.9	1.2	-0.2
2007	11	18	0	0	0	6.4	6.4	-0.8	1.2
2007	11	19	0	0	0	0.6	1.7	-4.6	-0.1
2007	11	20	0	0	0	-1.8	-3.2	-8.6	-0.8
2007	11	21	0	0	0	-5.9	-4.1	-9.6	-1.5
2007	11	22	0	0	0	-9	-3.6	-15.2	-1.4
2007	11	23	0	0	0	-9.3	-4.3	-14.7	-0.8
2007	11	24	0	0	0	-12.5	-3.5	-9.1	0.2
2007	11	25	0	0	0	-8.8	-5.3	-9.2	1.7
2007	11	26	0	0	0	-8.5	-6.7	-8.9	1.6
2007	11	27	0	0	0	-2.9	-1.2	-7.2	2.7
2007	11	28	0	0	0	-1.5	-2.7	-8.2	6.8
2007	11	29	0	0	0	-3.4	-2.9	-12.3	10.4
2007	11	30	0	0	0	-5.7	-9	-16.9	9.8
2007	12	1	0	0	0	-7.3	-8.2	-18.6	10.9
2007	12	2	0	0	0	-5.6	-6.3	-11.6	6.6
2007	12	3	0	0	0	3.2	3.7	-1.5	3.5
2007	12	4	0	0	0	5.9	7.1	0.1	5.2
2007	12	5	0	0	0	4.3	5.7	-0.4	10.1
2007	12	6	0	0	0	0.6	0.4	-3.7	12.2
2007	12	7	0	0	0	-2.6	-0.2	-10	14.3
2007	12	8	0	0	0	-2.2	-5.2	-13.3	14.4
2007	12	9	0	0	0	-8.8	-10.6	-15.6	11.6
2007	12	10	0	0	0	-6.4	-7.5	-11.1	11.9
2007	12	11	0	0	0	-7.9	-7.6	-11.9	13.4
2007	12	12	0	0	0	-4.6	-3.7	-10.2	8.4
2007	12	13	0	0	0	-4.3	-6.7	-10.7	5.7
2007	12	14	0	0	0	-4.4	-4.8	-10.8	7.1
2007	12	15	0	0	0	-4.3	-3	-6.9	14.8
2007	12	16	0	0	0	-0.3	1.7	-5.1	12.9
2007	12	17	0	0	0	-3.2	-3.2	-4.5	10.8
2007	12	18	0	0	0	-1.6	0	-6.2	14.2
2007	12	19	0	0	0	2.5	2.7	-2.4	17.8
2007	12	20	0	0	0	2.9	2.8	-2.3	17.4
2007	12	21	0	0	0	-1	-1.5	-15.3	9
2007	12	22	0	0	0	-6.6	-7.9	-10.2	5
2007	12	23	0	0	0	-2.4	-3	-6.4	4.8
2007	12	24	0	0	0	1	1.3	-4.2	5.4
2007	12	25	0	0	0	-0.4	-1.8	-7	5.5
2007	12	26	0	0	0	-3.2	-3.1	-8.3	6.3
2007	12	27	0	0	0	-2.9	-4.1	-10.8	10.3
2007	12	28	0	0	0	-3.6	-5.6	-9.1	7.5
2007	12	29	0	0	0	-1.5	-4.4	-6.8	9.7
2007	12	30	0	0	0	-2.5	-4.8	-8.3	18.7
2007	12	31	0	0	0	-2.7	-3.8	-8.9	16.7
2008	1	1	0	0	0	-6.7	-10.4	-13	8.6
2008	1	2	0	0	0	-9.6	-11.8	-10.8	6.6
2008	1	3	0	0	0	-6.7	-3.2	-3.2	7.6
2008	1	4	0	0	0	-2.1	2.1	-1.3	11.6
2008	1	5	0	0	0	4.7	3.3	-1.4	10.8
2008	1	6	0	0	0	-2.5	-1.3	-6.1	7.1
2008	1	7	0	0	0	-5.4	-4.6	-9.7	6.9
2008	1	8	0	0	0	-6.9	-5.7	-10.2	8.5
2008	1	9	0	0	0	-2.8	-2.9	-8	9.8
2008	1	10	0	0	0	-5.9	-3.1	-6.8	10.2
2008	1	11	0	0	0	-2.6	-1.9	-4.2	13.5
2008	1	12	0	0	0	-0.8	0.8	-3.2	16.3
2008	1	13	0	0	0	-0.2	1.5	-3.1	17.6
2008	1	14	0	0	0	-4.3	-4.6	-4.3	21.8
2008	1	15	0	0	0	-3.1	-1.6	-5.8	21.2
2008	1	16	0	0	0	-8.2	-10.9	-22	14.6
2008	1	17	0	0	0	-5.2	-6.9	-12.4	9.2
2008	1	18	0	0	0	-3.5	-5.6	-9.3	8.9
2008	1	19	0	0	0	-2.9	-3.2	-7.3	11.4
2008	1	20	0	0	0	-7.2	-6.6	-15.7	16.8
2008	1	21	0	0	0	-17.1	-17.1	-21	15.6
2008	1	22	0	0	0	-16	-14.7	-14.5	17.2
2008	1	23	0	0	0	-14	-17.4	-13.3	17.8
2008	1	24	0	0	0	-15.2	-12.7	-17.3	19.9
2008	1	25	0	0	0	-12.6	-14.1	-14.3	18.3
2008	1	26	0	0	0	-11.6	-7.7	-9.3	13.9
2008	1	27	0	0	0	3.1	1.4	-3.1	15.2
2008	1	28	0	0	0	0.9	-9.7	-23	16.1
2008	1	29	0	0	0	-4.2	-13.9	-24.5	20.4
2008	1	30	0	0	0	-1.8	-6.8	-8.7	15.3
2008	1	31	0	0	0	-1.3	-1.4	-7	15.7
2008	2	1	0	0	0	-1.1	-1.9	-7.8	15.7
2008	2	2	0	0	0	-3	-3.3	-7.8	16.3
2008	2	3	0	0	0	-1.7	-2.1	-13.7	0
2008	2	4	0	0	0	-1.8	-3.8	-14.5	0
2008	2	5	0	0	0	-3	-2.7	-9.5	0
2008	2	6	0	0	0	0.1	-0.4	-6.5	13.2
2008	2	7	0	0	0	-0.1	-0.9	-6.2	13.1
2008	2	8	0	0	0	1.6	1.4	-4.7	14.1
2008	2	9	0	0	0	1.7	1.3	-11.7	14.1
2008	2	10	0	0	0	3.7	3.9	-5.7	14.6
2008	2	11	0	0	0	2.8	2.3	-3.1	14.2
2008	2	12	0	0	0	0	0	-3.4	19.4
2008	2	13	0	0	0	2.4	1.9	-2.1	22.5
2008	2	14	0	0	0	-0.8	-0.6	-12.3	19.3
2008	2	15	0	0	0	0.5	-0.5	-4	18.1
2008	2	16	0	0	0	2.9	1.6	-3.4	19.4
2008	2	17	0	0	0	2.3	-0.4	-9.3	18.8
2008	2	18	0	0	0	-1.1	-6.1	-6.3	17.8
2008	2	19	0	0	0	-1.3	-5.7	-5.4	18
2008	2	20	0	0	0	-0.6	-5.7	-4.1	19.4
2008	2	21	0	0	0	0.6	-4.6	-3	18.7
2008	2	22	0	0	0	0.3	-4.2	-1.9	19.6
2008	2	23	0	0	0	1.4	-2.7	-0.5	21.6
2008	2	24	0	0	0	0.6	-1.4	-1.2	21.7
2008	2	25	0	0	0	1.8	1.9	-3.8	22.5
2008	2	26	0	0	0	1.7	2.4	-2.7	19.3
2008	2	27	0	0	0	1.1	2.3	-1.1	17.7
2008	2	28	0	0	0	4.1	4.5	-1.7	17.8
2008	2	29	0	0	0	2.6	1.2	-1.1	20.1
2008	3	1	0	0	0	4.2	3.3	0	22.4
2008	3	2	0	0	0	1.4	1.2	-3.7	19
2008	3	3	0	0	0	0.3	1.3	-4.4	18.4
2008	3	4	0	0	0	2.1	1.1	-3.6	19.1
2008	3	5	0	0	0	-0.6	0.8	-6.5	19
2008	3	6	0	0	0	2.2	1.1	-3.9	18.9
2008	3	7	0	0	0	1	-0.7	-2.6	20.6
2008	3	8	0	0	0	1.8	1.8	-0.5	20.6
2008	3	9	0	0	0	4.9	3.7	-0.4	21.2
2008	3	10	0	0	0	4.5	4	-0.1	20
2008	3	11	0	0	0	6.2	5.9	0.8	19.6
2008	3	12	0	0	0	3.6	4	-2.1	20.5
2008	3	13	0	0	0	3.7	0.3	-3	19.4
2008	3	14	0	0	0	3.4	3.7	-3.1	20.4
2008	3	15	0	0	0	1.9	2.1	-2.8	20.1
2008	3	16	0	0	0	1.9	1.6	-4.3	16.3
2008	3	17	0	0	0	3.6	3.8	-2.9	18.6
2008	3	18	0	0	0	3.9	3.7	-2.1	19.1
2008	3	19	0	0	0	1.7	1.9	-4.2	20
2008	3	20	0	0	0	2.2	1.5	-5.6	18.9
2008	3	21	0	0	0	2.2	0.2	-3.8	20.9
2008	3	22	0	0	0	0.7	1.6	-3.5	21.1
2008	3	23	0	0	0	1.9	0.9	-7	21.5
2008	3	24	0	0	0	5.7	4.5	-4	22.4
2008	3	25	0	0	0	-1.1	-1.3	-7.3	22.3
2008	3	26	0	0	0	-1.4	-2.2	-7.4	22.6
2008	3	27	0	0	0	1.2	-1.2	-4.3	21.9
2008	3	28	0	0	0	-1.4	-0.1	-6.1	22.2
2008	3	29	0	0	0	0.8	0.7	-5.6	22.7
2008	3	30	0	0	0	0	-0.9	-6	25.9
2008	3	31	0	0	0	0.9	-0.1	-14.1	25.5
2008	4	1	0	0	0	-1.9	-0.6	-7.2	24.7
2008	4	2	0	0	0	-0.8	-1.1	-5.6	23.8
2008	4	3	0	0	0	1.2	1.3	-3	23.4
2008	4	4	0	0	0	5.2	3.7	-0.8	24.2
2008	4	5	0	0	0	3.9	3.8	-2.2	27.1
2008	4	6	0	0	0	1.9	2.2	-1.8	24.5
2008	4	7	0	0	0	3.4	3.2	-0.8	23.7
2008	4	8	0	0	0	3.8	2.1	-1.6	22.3
2008	4	9	0	0	0	3.3	1.9	-2.1	21.3
2008	4	10	0	0	0	2.3	3.2	-1.6	22.1
2008	4	11	0	0	0	3.1	3.2	-1.5	23.1
2008	4	12	0	0	0	8	6.1	1.7	22.9
2008	4	13	0	0	0	10.4	8.6	4.2	22.4
2008	4	14	0	0	0	13.2	11.2	5.9	23.2
2008	4	15	0	0	0	5.2	6.1	-0.2	24.7
2008	4	16	0	0	0	3.2	4.4	-3.6	22.2
2008	4	17	0	0	0	7.4	7.8	0	20.9
2008	4	18	0	0	0	8.3	6.5	0.9	22.4
2008	4	19	0	0	0	5.7	2.4	-7.1	21.3
2008	4	20	0	0	0	-2.9	-3.8	-9.5	21.4
2008	4	21	0	0	0	-0.6	-0.9	-7.4	22.3
2008	4	22	0	0	0	1.3	1.8	-6.7	21.4
2008	4	23	0	0	0	4.9	3.3	-4.8	17.8
2008	4	24	0	0	0	4.2	4.5	-2.2	18.4
2008	4	25	0	0	0	4.6	6.4	-1.9	19.8
2008	4	26	0	0	0	4.7	4.1	-2.7	16.1
2008	4	27	0	0	0	8.4	6.4	1.2	18.1
2008	4	28	0	0	0	13.1	10.8	3.5	17.1
2008	4	29	0	0	0	10.1	8.7	4.6	18.8
2008	4	30	0	0	0	5	3.9	0.2	19.2
2008	5	1	0	0	0	3.9	6.1	0.1	18.8
2008	5	2	0	0	0	5.2	5.8	2.3	20.1
2008	5	3	0	0	0	8.9	7.7	3.1	19.5
2008	5	4	0	0	0	10.9	11	6.3	19.7
2008	5	5	0	0	0	11.6	10	7.2	20.1
2008	5	6	0	0	0	12.9	12.3	5.7	22.1
2008	5	7	0	0	0	11.1	10.6	4.8	20.6
2008	5	8	0	0	0	8.6	9.2	2.9	21.6
2008	5	9	0	0	0	7.1	4.9	1.6	20.2
2008	5	10	0	0	0	7.7	5.7	2	19
2008	5	11	0	0	0	10.6	10.3	2.4	19.7
2008	5	12	0	0	0	7.3	7.3	3.5	18.1
2008	5	13	0	0	0	7.9	8.2	3.1	16.7
2008	5	14	0	0	0	9.7	9.4	4.9	17.6
2008	5	15	0	0	0	13.5	11.7	8.8	17.3
2008	5	16	0	0	0	16.8	14.4	12.1	17.9
2008	5	17	0	0	0	18.3	16.7	14.3	16.9
2008	5	18	0	0	0	21.2	19.4	16.1	17.6
2008	5	19	0	0	0	21.9	19.2	12.6	17.9
2008	5	20	0	0	0	18.2	15.9	10.5	18.6
2008	5	21	0	0	0	11.1	10.7	5.7	17.1
2008	5	22	0	0	0	8.6	10.2	4.4	17.2
2008	5	23	0	0	0	8.9	11.7	4.1	18.4
2008	5	24	0	0	0	11.1	11.1	5.9	20.8
2008	5	25	0	0	0	10.9	11.6	8	23.3
2008	5	26	0	0	0	13	13.8	6.3	21.3
2008	5	27	0	0	0	14.1	13.3	5.8	18.7
2008	5	28	0	0	0	13.7	11.8	8.8	17.3
2008	5	29	0	0	0	13.3	17	9.9	16.9
2008	5	30	0	0	0	13.4	13.3	11.1	17.8
2008	5	31	0	0	0	13.6	14.1	11.3	21.1
2008	6	1	0	0	0	17.2	14.4	9.4	16.6
2008	6	2	0	0	0	12.8	12.7	8	14.9
2008	6	3	0	0	0	11.5	11	6.1	14.7
2008	6	4	0	0	0	11.6	12.1	7.7	17.6
2008	6	5	0	0	0	11.9	12.4	7.6	22.8
2008	6	6	0	0	0	12.3	10.5	4.6	23.7
2008	6	7	0	0	0	9.7	8.6	3.9	24.1
2008	6	8	0	0	0	9.3	8.3	4.9	19.1
2008	6	9	0	0	0	9.4	10.7	5.3	17.3
2008	6	10	0	0	0	7.6	5.4	3.8	16.9
2008	6	11	0	0	0	3.7	3.1	4.7	14.4
2008	6	12	0	0	0	8.8	8.8	6.4	12.8
2008	6	13	0	0	0	12.3	15	9.3	12.3
2008	6	14	0	0	0	16.6	15.9	8.1	13.9
2008	6	15	0	0	0	14.4	13.8	8.9	12.6
2008	6	16	0	0	0	16.4	15.1	11	12.2
2008	6	17	0	0	0	18.7	16.8	11.7	13.1
2008	6	18	0	0	0	16.8	15.9	10.1	17.2
2008	6	19	0	0	0	16.4	15.1	8.9	16.2
2008	6	20	0	0	0	17.8	16	10.7	14.8
2008	6	21	0	0	0	21.2	20.6	14.7	14.6
2008	6	22	0	0	0	20.7	19.8	12.6	16.1
2008	6	23	0	0	0	18	15.8	11.3	19.3
2008	6	24	0	0	0	20.1	18.7	10.8	16.6
2008	6	25	0	0	0	18.3	16	10.2	15.9
2008	6	26	0	0	0	20.3	17.4	11.6	16.5
2008	6	27	0	0	0	19.4	20.4	11.3	15.6
2008	6	28	0	0	0	20.8	18.8	14.4	15.8
2008	6	29	0	0	0	22.8	21.4	18.1	15.1
2008	6	30	0	0	0	25.6	23.2	19.9	15.2
2008	7	1	0	0	0	24.7	23.9	19.2	14.8
2008	7	2	0	0	0	19.2	18.7	13.8	14.2
2008	7	3	0	0	0	21.9	20.1	17.5	12.4
2008	7	4	0	0	0	25.3	21.6	18.2	12.4
2008	7	5	0	0	0	22.2	19.2	13.7	12.3
2008	7	6	0	0	0	20.3	19.2	14	10.9
2008	7	7	0	0	0	20.3	18.2	12.6	9.9
2008	7	8	0	0	0	21.2	19.4	13.8	7.4
2008	7	9	0	0	0	22.1	20.1	15.6	5.7
2008	7	10	0	0	0	22.6	21.4	14.5	7.9
2008	7	11	0	0	0	18.9	15.1	9	9.6
2008	7	12	0	0	0	17.3	14.9	11.4	8.6
2008	7	13	0	0	0	20.9	18.1	14.8	7.7
2008	7	14	0	0	0	22.5	20.6	14.8	7.6
2008	7	15	0	0	0	21.4	18.7	14.4	7.6
2008	7	16	0	0	0	19.9	18.7	14	6.7
2008	7	17	0	0	0	19.9	19.4	14.8	7.3
2008	7	18	0	0	0	20.8	18.6	13.6	8.4
2008	7	19	0	0	0	19.2	18.2	12.4	11
2008	7	20	0	0	0	20.2	18.3	14.1	13.2
2008	7	21	0	0	0	23	20.1	16.3	15.5
2008	7	22	0	0	0	23.7	22.1	18.1	15.7
2008	7	23	0	0	0	17.8	18.9	13.3	14.9
2008	7	24	0	0	0	18.4	17.2	13.1	16.3
2008	7	25	0	0	0	21.1	18.4	14.4	15.9
2008	7	26	0	0	0	24.2	21.6	16.4	14.2
2008	7	27	0	0	0	24.1	22.1	15.5	13.1
2008	7	28	0	0	0	21.6	19.8	13.8	11.1
2008	7	29	0	0	0	20.8	18.4	13.8	10.4
2008	7	30	0	0	0	22.1	20.9	10.8	7.3
2008	7	31	0	0	0	17.8	15	8.8	11
2008	8	1	0	0	0	22.2	19.3	11.9	16.7
2008	8	2	0	0	0	21.6	20.1	10.3	13.8
2008	8	3	0	0	0	17.9	16.7	10.7	13.5
2008	8	4	0	0	0	19.6	16.3	10.6	14.9
2008	8	5	0	0	0	20.8	18.3	14.8	15.1
2008	8	6	0	0	0	25.8	23.6	17.6	16
2008	8	7	0	0	0	26.9	24.3	20.3	15
2008	8	8	0	0	0	23.8	22.9	19.3	15.2
2008	8	9	0	0	0	22.8	24.2	18.7	11.7
2008	8	10	0	0	0	21.1	19.4	13.2	10.4
2008	8	11	0	0	0	17.7	16	9.2	11.5
2008	8	12	0	0	0	18.1	16.8	11.7	7.2
2008	8	13	0	0	0	21.4	19.1	14.3	5.5
2008	8	14	0	0	0	21.7	21.1	17.7	5.5
2008	8	15	0	0	0	24.4	21.7	19.2	4.9
2008	8	16	0	0	0	23.6	21.6	19.2	8.8
2008	8	17	0	0	0	24.1	23.4	21.2	11.3
2008	8	18	0	0	0	25.9	24.6	20.3	12.9
2008	8	19	0	0	0	25.8	22	18	8.3
2008	8	20	0	0	0	18.7	15.3	10.1	7.2
2008	8	21	0	0	0	14.8	15.6	9.8	5.5
2008	8	22	0	0	0	11.1	14.1	7.6	4.5
2008	8	23	0	0	0	17.2	15.3	9.5	5
2008	8	24	0	0	0	19.3	17.3	12.7	13.1
2008	8	25	0	0	0	22.8	18.7	14.7	10.3
2008	8	26	0	0	0	15.8	13.8	8.9	9.2
2008	8	27	0	0	0	12.1	12.4	5.7	7.6
2008	8	28	0	0	0	14.6	11.6	6.4	6.8
2008	8	29	0	0	0	16.9	16.2	9.4	7.2
2008	8	30	0	0	0	18.7	19.2	11.4	6.8
2008	8	31	0	0	0	16	14.5	8.2	5.5
2008	9	1	0	0	0	10.7	12	4.9	5.3
2008	9	2	0	0	0	10.1	9.8	4.4	2.8
2008	9	3	0	0	0	13.6	12.3	6.2	0.1
2008	9	4	0	0	0	12.7	13.9	7.3	1.1
2008	9	5	0	0	0	10.7	11.8	5.5	1.3
2008	9	6	0	0	0	12.6	13.4	6.1	5.3
2008	9	7	0	0	0	13.5	13.6	7.1	8.2
2008	9	8	0	0	0	12.6	10.8	5.1	9.8
2008	9	9	0	0	0	13.2	12.7	8	10.4
2008	9	10	0	0	0	14	14.7	8.2	7.9
2008	9	11	0	0	0	10.1	10.6	6.9	11.1
2008	9	12	0	0	0	13.6	12.8	10.3	15.4
2008	9	13	0	0	0	16.5	16.1	8.3	13.9
2008	9	14	0	0	0	12.9	10.8	8.1	12.4
2008	9	15	0	0	0	15.3	12.2	9.7	10.7
2008	9	16	0	0	0	15.7	14.1	10.9	10.7
2008	9	17	0	0	0	16.1	14.9	11.3	10.8
2008	9	18	0	0	0	15.7	14.7	13.7	10.8
2008	9	19	0	0	0	17.4	15.7	13.7	6.8
2008	9	20	0	0	0	17.1	17.1	13.8	6.5
2008	9	21	0	0	0	13.3	14.7	9.4	5.2
2008	9	22	0	0	0	11.3	11.4	5.5	3.1
2008	9	23	0	0	0	4.6	8	3.2	2.8
2008	9	24	0	0	0	9.1	7.9	2	1.4
2008	9	25	0	0	0	11.7	11.8	5	1.8
2008	9	26	0	0	0	13.6	11.2	5.5	3.2
2008	9	27	0	0	0	12.2	10.7	4.7	2.6
2008	9	28	0	0	0	11.6	10.1	5.6	6.3
2008	9	29	0	0	0	12.3	11.1	7.1	4.7
2008	9	30	0	0	0	12.9	11.7	9.6	3.8
2008	10	1	0	0	0	14.9	12.8	10.9	3.4
2008	10	2	0	0	0	15.9	13.8	12	3.9
2008	10	3	0	0	0	16.2	14.3	11.3	4.3
2008	10	4	0	0	0	12.2	12	8.1	3.8
2008	10	5	0	0	0	10.9	11.6	5.7	6.7
2008	10	6	0	0	0	9.9	8.6	1.9	8.7
2008	10	7	0	0	0	9.9	11.4	3.5	4.9
2008	10	8	0	0	0	8.5	7.3	0.5	6.9
2008	10	9	0	0	0	1.9	2.8	-2	14.9
2008	10	10	0	0	0	3.1	6.3	-2.5	12.5
2008	10	11	0	0	0	5.8	3	-4	3.2
2008	10	12	0	0	0	2.6	1.3	-2	1
2008	10	13	0	0	0	3.3	4.6	1.1	1.5
2008	10	14	0	0	0	9.4	10.9	2.7	5.6
2008	10	15	0	0	0	5.4	3.1	-1.2	9.3
2008	10	16	0	0	0	6	3.5	0	11.4
2008	10	17	0	0	0	8.6	10.4	3.1	10.3
2008	10	18	0	0	0	9.7	12.3	8.2	11.1
2008	10	19	0	0	0	9.6	8.2	2.4	11.6
2008	10	20	0	0	0	6.3	4.7	2	11.5
2008	10	21	0	0	0	6.1	7.2	0.6	11
2008	10	22	0	0	0	0.8	2.4	-1.7	7.7
2008	10	23	0	0	0	1.8	0.8	0.2	6.7
2008	10	24	0	0	0	3.3	1.3	-1.1	5.2
2008	10	25	0	0	0	10.3	9.4	0.2	3.7
2008	10	26	0	0	0	5.9	2.9	-3.3	3.6
2008	10	27	0	0	0	2.9	1.2	-1.5	3.1
2008	10	28	0	0	0	4.2	2.2	0.8	3.7
2008	10	29	0	0	0	5.4	2.8	1.8	5.4
2008	10	30	0	0	0	5.4	3.7	2.5	5.9
2008	10	31	0	0	0	4.9	5.5	3.7	3.4
2008	11	1	0	0	0	4.5	6.7	5.4	0.6
2008	11	2	0	0	0	7.3	9.6	4.3	0.1
2008	11	3	0	0	0	6.4	8.6	2.8	2.2
2008	11	4	0	0	0	4.3	3.1	-1.3	7.8
2008	11	5	0	0	0	3.7	3.9	-1	13.1
2008	11	6	0	0	0	-0.9	0.3	-3.5	10.6
2008	11	7	0	0	0	2.4	4	-1.1	7.3
2008	11	8	0	0	0	6.3	6.7	0.4	6.8
2008	11	9	0	0	0	7.1	7.7	2.3	10.5
2008	11	10	0	0	0	7.2	8	1.8	5.7
2008	11	11	0	0	0	4.7	6.9	0.6	4.1
2008	11	12	0	0	0	7.9	7.3	1.5	2.4
2008	11	13	0	0	0	8.1	8.5	1.2	5
2008	11	14	0	0	0	0.8	0.8	-4.6	7.8
2008	11	15	0	0	0	3.7	4.5	-3.6	10.3
2008	11	16	0	0	0	3.3	4.7	-0.3	13.4
2008	11	17	0	0	0	4.1	4.3	0	9.6
2008	11	18	0	0	0	2.5	3.3	0.6	7.2
2008	11	19	0	0	0	3.5	8.3	-1.1	4
2008	11	20	0	0	0	4.7	3.1	-4.9	5.3
2008	11	21	0	0	0	4.7	4.2	-2.1	8.7
2008	11	22	0	0	0	-1.2	1	-2.7	11.1
2008	11	23	0	0	0	1.4	-1.3	-2.5	12.8
2008	11	24	0	0	0	-2.6	-3.3	-3.3	12.6
2008	11	25	0	0	0	-3.1	-3.6	-3.7	17.4
2008	11	26	0	0	0	-0.3	0.9	-2.4	14.4
2008	11	27	0	0	0	-2.6	-1.8	-4.9	5.1
2008	11	28	0	0	0	0.2	-3.2	-5.6	3.7
2008	11	29	0	0	0	3.4	2.4	-3.5	3.7
2008	11	30	0	0	0	4	3.9	-2.1	5.7
2008	12	1	0	0	0	2.4	4.4	0.1	12.9
2008	12	2	0	0	0	3.1	4.1	-2.4	13.6
2008	12	3	0	0	0	-1.2	-2.8	-6.8	10.9
2008	12	4	0	0	0	-2.6	-5	-10.7	8.8
2008	12	5	0	0	0	-4.7	-4.7	-9.9	12.6
2008	12	6	0	0	0	0.8	-0.3	-5.1	11.8
2008	12	7	0	0	0	3.7	2.3	-2.8	8.8
2008	12	8	0	0	0	0.9	1.2	-3.5	8.4
2008	12	9	0	0	0	1.1	0.1	-4.7	10.2
2008	12	10	0	0	0	2.6	2.2	-2.6	15.4
2008	12	11	0	0	0	1.2	-0.8	-4.3	16.3
2008	12	12	0	0	0	-4.3	-5.2	-8.2	11.1
2008	12	13	0	0	0	-6.2	-4.7	-15.6	11
2008	12	14	0	0	0	-19.3	-18.9	-28.6	10.8
2008	12	15	0	0	0	-18.9	-17.1	-27.2	9.8
2008	12	16	0	0	0	-21.6	-20.5	-24.5	8.9
2008	12	17	0	0	0	-19.4	-15.4	-19.6	14.8
2008	12	18	0	0	0	-9.9	-10.4	-19.8	17.4
2008	12	19	0	0	0	-7.8	-14.4	-23.5	15.9
2008	12	20	0	0	0	-14.2	-17.9	-27.5	10.3
2008	12	21	0	0	0	-15.9	-20.3	-24.4	8.4
2008	12	22	0	0	0	-10.8	-14.7	-15.8	7.7
2008	12	23	0	0	0	-9.8	-14.4	-22.4	9.9
2008	12	24	0	0	0	-10.5	-10.1	-16.7	6.9
2008	12	25	0	0	0	-4.6	-3.6	-9	5.4
2008	12	26	0	0	0	-7.1	-5.6	-18.2	6.4
2008	12	27	0	0	0	-6.8	-4.9	-12.2	7
2008	12	28	0	0	0	0.3	1.1	-2.6	8.2
2008	12	29	0	0	0	0.2	-2.1	-9.3	7.7
2008	12	30	0	0	0	-2.7	-3.4	-8.7	8.3
2008	12	31	0	0	0	-3.6	-6.1	-9	11.1
